NumRegions = 25
-18.967176, -18.912216	-19.073708, -10.828569	-15.253779, -10.357273	-10.913255, -13.941711	-12.706634, -18.833546	
-10.297233, -19.683963	0.379296, -19.757033	0.306656, -19.426491	-4.555380, -13.574082	-8.622595, -14.750218	
-10.552673, -1.978794	-13.713895, -8.475758	-9.341971, -12.021831	-5.223598, -11.039725	-4.910063, -10.034335	-7.070428, -3.561416	
-12.416760, -1.045429	-15.724882, -7.468839	-19.496598, -8.235739	-19.521497, 2.898119	-19.440259, 2.899291	-12.538751, -0.810388	
-5.075060, -2.938727	-3.170539, -9.491487	1.223850, -6.499741	1.401046, -3.638738	-1.721273, -1.669135	
-2.204491, -11.139345	2.552512, -8.766134	6.704089, -11.149661	1.960156, -18.103195	-2.684439, -12.076768	
-11.478859, 1.218363	-18.465802, 4.764509	-13.714190, 9.365840	-8.584258, 8.598691	-8.493354, 8.336967	
-9.738413, 0.261040	-6.052782, -0.762117	-2.876100, 0.901746	-1.913658, 4.966523	-6.623331, 7.515123	-9.848545, 0.501867	
12.443220, -13.314249	9.816512, -11.971199	8.358320, -12.359567	3.168917, -18.987284	3.198727, -19.324398	11.998818, -19.048544	13.215532, -15.161425	
7.083549, -1.861697	4.069948, -3.806307	3.887901, -6.667006	7.806193, -9.417238	9.305982, -9.250542	9.529644, -3.749342	
5.778505, 2.650756	2.008542, 5.214050	0.318380, 4.496818	-0.439025, 0.388893	2.705064, -1.545769	5.829317, 0.215578	
-16.561646, 14.278463	-15.693217, 11.106311	-19.649840, 5.805820	-19.730406, 5.795325	-19.501199, 14.223227	
-11.934651, 18.526651	-8.459248, 18.689895	-6.766886, 14.869547	-8.188774, 10.441814	-13.181846, 11.846786	-14.173331, 14.982656	
0.596651, 13.585789	2.092044, 11.533063	0.872723, 7.887555	-0.816849, 7.168932	-5.688661, 9.391954	-5.792783, 9.648706	-4.292025, 14.050332	
13.754464, -10.834836	11.165851, -9.419752	11.938635, -3.968511	15.948353, -2.496708	18.693323, -3.641969	18.500962, -5.944820	
11.461404, 4.876620	8.632259, 2.656530	8.591301, 0.221166	11.148500, -1.512995	15.264098, -0.370237	13.946166, 4.047545	
15.648789, -15.851115	19.498468, -16.925206	18.692970, -19.264016	14.644854, -19.798544	
9.867273, 6.875237	8.969815, 11.084093	4.519396, 10.697955	3.237690, 7.073909	7.073699, 4.610550	
-18.595309, 19.473841	-19.371837, 16.999999	-16.450152, 16.671705	-13.707816, 19.842066	
19.946664, -7.390161	19.923956, -14.013464	15.927900, -13.941071	15.057831, -12.137879	
2.153665, 19.712263	-6.241397, 19.805639	-4.182646, 16.169613	0.727879, 16.128408	
2.899560, 15.218809	4.342011, 13.128542	8.801338, 13.392637	9.869645, 14.750700	9.013560, 18.943212	4.453462, 18.749004	
12.298513, 7.464661	11.168846, 11.617221	12.173297, 13.023171	18.752457, 12.688658	18.517031, 9.266711	14.798133, 6.681524	
16.328600, 4.665375	19.818412, 7.552346	19.845359, -1.413351	17.323681, 0.163868	
12.353707, 15.265013	18.901694, 14.543135	18.615052, 19.423876	11.474698, 19.452778	
