-2203683.827426  1298323.302529  1998892.264157 
-1758301.516716  -1299447.536236  -1999462.513534 
-1325193.295021  -1299346.793337  -1999393.05609 
-884710.1877929  -1299218.72133  -1999308.92632 
-444252.8188504  -1299036.059494  -1999204.803442 
-3836.389073934  -1298767.261643  -1999072.618721 
17838.36925259  -1298346.492081  -1998892.861037 
39468.46413719  -1298319.082049  -1998883.026025 
61484.26463506  -1298292.209112  -1998871.922425 
83499.72342783  -1298262.953174  -1998860.205222 
105514.8379826  -1298233.000152  -1998848.06395 
127529.7635695  -1298202.241278  -1998835.445836 
149544.4463124  -1298170.382745  -1998822.507742 
171559.2573836  -1298137.583848  -1998809.110205 
193573.9081651  -1298103.900877  -1998794.917227 
215588.1880541  -1298069.516244  -1998779.434558 
237602.309033  -1298033.389619  -1998763.559746 
259616.554648  -1297995.88956  -1998747.154252 
281630.6725537  -1297957.272339  -1998729.582446 
303644.7137196  -1297917.485769  -1998710.094661 
325658.6946734  -1297875.927905  -1998688.933385 
347672.587009  -1297832.740142  -1998664.905644 
369686.5146309  -1297787.430461  -1998638.191708 
391700.3311493  -1297740.435372  -1998609.880957 
413713.9795279  -1297690.851281  -1998575.79647 
435727.7320657  -1297637.966275  -1998533.289701 
457741.8498808  -1297583.4329  -1998487.116225 
479755.4176689  -1297524.226344  -1998424.331214 
501769.356373  -1297462.281976  -1998351.483499 
523782.9782034  -1297394.054618  -1998247.25707 
545798.1966343  -1297320.389408  -1998111.593036 
567812.7988883  -1297237.473762  -1997908.57441 
589829.6374737  -1297141.867898  -1997593.942578 
611847.4574327  -1297026.729317  -1997062.829275 
633867.7812864  -1296876.587812   -1996039.433 
655896.6500232  -1296649.781182  -1993603.445497 
677947.5075623  -1296153.839255  -1984025.126071 
700087.5871218  -1293263.220783  1997691.756234 
792677.9588527  -1292998.858749  1997709.366646 
813722.3222401  -1289362.579501  1997696.517144 
835116.5206136  -1288867.783324  1997712.725968 
856620.4743163  -1288325.092801  1997727.847284 
878138.3652645  -1287747.377535  1997743.491799 
899638.3887069  -1287122.356792  1997758.840181 
921142.2764704  -1286455.551392  1997773.928013 
942650.6138433  -1285732.235498  1997788.73426 
964162.6478764  -1284931.968421  1997803.233612 
985677.4007263  -1284054.868391  1997817.427285 
1007196.19929  -1283091.909628  1997831.310339 
1028715.794096  -1282047.974768  1997844.900077 
1050236.141846  -1280874.271132  1997858.106599 
1071758.834564  -1279579.288125  1997870.948467 
1093286.075329  -1278126.095509  1997883.400174 
1114809.27997  -1276507.409184  1997895.430732 
1136337.029875  -1274651.028706  1997906.956388 
1157858.09867  -1272569.179066  1997917.98951 
1179380.232752  -1270134.105022  1997928.320471 
1200898.280149  -1267333.452133  1997937.965615 
1222413.625176  -1264008.75518  1997946.673833 
1243917.913756  -1259993.948729  1997954.205441 
1265408.202045  -1255099.668915  1997960.268296 
1286879.938683  -1248756.525691  1997963.982873 
1308324.255258  -1240076.265405  1997963.942616 
1329713.492478  -1226344.201309  1997955.904183 
1350976.281201  1299249.301029  1999299.267673 
1325750.05721  1299255.928457  1999304.025744 
1347772.707992  1299220.121029  1999308.94212 
1369799.439843  1299227.759453  1999313.566471 
1391821.443276  1299235.055986  1999318.149828 
1413843.203911  1299242.424106  1999322.679324 
1435865.243887  1299249.662078  1999327.173061 
1457887.36663  1299256.705785  1999331.610738 
1479909.512567  1299263.712713  1999336.005546 
1501931.793261  1299270.635314  1999340.352682 
1523954.183238  1299277.401327  1999344.659029 
1545976.637463  1299284.078915  1999348.928383 
1567999.205035  1299290.639265  1999353.14439 
1590021.805177  1299297.117822  1999357.323699 
1612044.551476  1299303.475766  1999361.456538 
1634067.324985  1299310.059466  1999365.617171 
1656090.773876  1299316.216497  1999369.656973 
1678113.693742  1299322.315963  1999373.682219 
1700136.765131  1299328.307777  1999377.650554 
1722159.88972  1299334.199901  1999381.564127 
1744183.097354  1299340.020064  1999385.468313 
1766206.409827  1299345.764356  1999389.323812 
1788229.789493  1299351.392321  1999393.131621 
1810253.214191  1299356.992882  1999396.929566 
1832276.798024  1299362.453976  1999400.660362 
1854300.366674  1299367.880931  1999404.374231 
1876324.057945  1299373.22355  1999408.046796 
1898347.849597  1299378.496706  1999411.69282 
1920371.720434  1299383.684557  1999415.297617 
1942395.646487  1299388.799463  1999418.867722 
1964419.648485  1299393.828682  1999422.402588 
1986443.693689  1299398.829682  1999425.920726 
2008467.890831  1299403.738215  1999429.388646 
2030492.140221  1299408.579505  1999432.823834 
2052516.431737  1299413.34818  1999436.230892 
2074540.784701  1299418.074306  1999439.613256 
2096565.260715  1299422.724289  1999442.95829 
2118589.789428  1299427.301399  1999446.253482 
2140614.390379  1299431.832305   1999449.5519 
2162639.056918  1299436.300349  1999452.792534 
2184663.813087  1299440.71253  1999456.03092 
2206688.623719  1299445.080797  1999459.234956 
