-2203683.827426  1294854.662637  1989583.503509 
-1746995.621292  -1298384.66811  -1997857.776171 
-1329732.987788  -1298060.414591  -1997342.58179 
-889903.1376348  -1297679.235987  -1996605.988953 
-450226.2989249  -1297117.255519  -1995479.767862 
-10904.47771464  -1296295.059408  -1993601.734741 
9244.463599389  -1294928.259556  -1989645.519938 
28247.88684302  -1294841.684799  -1989325.531589 
50078.60642564  -1294742.902735  -1988887.84172 
71908.31704977  -1294622.614708  -1988336.682655 
93694.51976087  -1294485.716063  -1987600.856721 
115457.3261848  -1294324.1796  -1986526.752288 
137179.090751  -1294114.374252  -1984644.751759 
158819.3529265  -1293802.189299  -1980503.792121 
180227.9518992  -1293150.54867  -1965735.157003 
200555.2383476  -1289387.18428  1974862.555641 
474573.0685278  -1289585.817836  1979965.816762 
492835.7962604  -1218660.186954  1937501.693999 
461394.083526  -1221430.992288  1954472.955397 
 484576.52908  -1245501.385986  1957594.651291 
522230.2873145  -1242531.495817  1965234.317103 
539861.8338365  -1223156.260791  1968270.643897 
547255.3962524  -1219963.801589  1971638.964734 
565678.0249965  -1227146.630769  1974712.557018 
589562.9464644  -1222527.774537  1976712.407705 
606755.5693534  -1206552.855456  1977594.074174 
619155.6207177  -1196972.559921  1978632.659431 
635298.1280367  -1198231.789731  1979985.343433 
655803.5326857  -1185575.303363  1980534.924788 
671388.0002295  1297101.150416  1993938.61297 
562509.1165171  1297120.440809  1994050.649717 
584483.180565  1296544.726583  1994181.885516 
607234.4492967  1296588.146686  1994286.446703 
629170.6464769  1296630.58319  1994387.251701 
651106.6093047  1296673.153204  1994486.085073 
673046.5992944  1296714.850568  1994581.974936 
694988.0533335  1296755.700043  1994676.471113 
716932.1635772  1296795.749656  1994767.315741 
738877.0415114  1296834.999639  1994855.685724 
760823.3908335  1296873.44682  1994941.294696 
782770.9145527  1296911.132559  1995024.709402 
804719.8933065  1296948.081244  1995105.556637 
826669.8301737  1296984.326418  1995185.117291 
848621.9331178  1297019.896108  1995262.404123 
870575.0218926  1297054.76744   1995337.5529 
892529.1763041  1297088.965595  1995410.058951 
914483.6228592  1297122.556594  1995481.871571 
936440.460112  1297155.514537  1995551.598257 
958398.093408  1297187.871554  1995619.480774 
980356.6067352  1297219.63216  1995685.556456 
1002315.964209  1297250.828314  1995750.302904 
1024276.683376  1297281.457089  1995813.122951 
1046237.870926  1297311.540977  1995874.939185 
1068200.626135  1297341.091095  1995934.572951 
1090163.320076  1297370.137229  1995993.513989 
1112127.831612  1297398.676458  1996050.920907 
1134093.005406  1297426.733069  1996107.267389 
1156059.388143  1297454.330204  1996163.313242 
1178028.035524  1297481.444778  1996217.031684 
1199995.900588  1297508.103288  1996269.715572 
1221964.744391  1297534.284712  1996320.838818 
1243933.827197  1297560.044963  1996371.031814 
1265903.938454  1297585.368236  1996420.092525 
1287874.794845  1297610.287922  1996468.085011 
1309846.327576  1297634.809023  1996515.206936 
1331818.735939  1297658.919666  1996561.232443 
1353791.740727  1297682.662379  1996606.517949 
1375765.796299  1297706.013999  1996650.673345 
1397740.203263  1297729.000395  1996693.975601 
1419715.357143  1297751.616758  1996736.161149 
1441690.706722  1297773.89235  1996777.894837 
1463667.545544  1297795.818826  1996818.549896 
1485644.475088  1297817.408933  1996858.453688 
1507622.100509  1297838.657738  1996897.750659 
1529600.794386  1297859.594849  1996935.974872 
1551579.358289  1297880.203882  1996973.589389 
1573558.827401  1297900.506397  1997010.530097 
1595539.004649  1297920.505348  1997046.758575 
1617519.740197  1297940.214708  1997082.272107 
1639501.009974  1297959.620166   1997117.2965 
1661483.26312  1297978.742099  1997151.437645 
1683465.508362  1297997.588152  1997185.026664 
1705448.478104  1298016.158612  1997218.004005 
1727431.982109  1298034.460879  1997250.377499 
1749416.007635  1298052.520632  1997283.068373 
1771402.432365  1298070.319876  1997314.271874 
1793387.448314  1298087.842083  1997344.829821 
1815372.863212  1298105.119658  1997374.906392 
1837358.875688  1298122.154414  1997404.448407 
1859345.36959  1298138.944436  1997433.469548 
1881332.346942  1298155.511581  1997461.971458 
1903319.746472  1298171.837681  1997489.98206 
1925307.693939  1298187.949054  1997517.544525 
1947296.106398  1298203.85865  1997544.780467 
1969285.189594  1298219.516254  1997571.247082 
1991274.24801  1298234.984251  1997597.431221 
2013263.962403  1298250.228214  1997623.109309 
2035254.079309  1298265.278448  1997648.42847 
2057244.714716  1298280.139226  1997673.404288 
2079235.890085  1298294.781663  1997697.707361 
2101226.986482  1298309.238948  1997721.83081 
2123218.954408  1298323.512548  1997745.54944 
2145211.317767  1298337.596004  1997768.858883 
2167204.012059  1298351.496595  1997791.783724 
2189197.075545  1298365.217617  1997814.354577 
2211190.545299  1298378.75813  1997836.509928 
