NumRegions = 25
-27.431145, -27.427481	-27.438247, -13.345680	-20.856294, -12.282280	-13.123951, -18.612781	-16.237769, -27.422236	
-16.077142, -27.478931	2.458116, -27.483802	2.371829, -26.931003	-5.777486, -16.763033	-12.971240, -18.666682	
-15.097506, -0.848369	-20.753635, -12.156846	-13.019198, -18.484789	-5.822034, -16.594076	-5.148983, -14.930290	-8.835891, -3.145803	
-15.221778, -0.786144	-20.887701, -12.089718	-27.466440, -13.172825	-27.468100, 5.844881	-27.332577, 5.854341	-15.423027, -0.374574	
-8.702866, -3.104291	-5.033015, -14.894100	3.369399, -9.940524	3.728083, -4.225136	-2.508716, -0.337702	
-4.968611, -15.003957	3.457976, -10.091616	11.146326, -14.965496	2.482062, -26.842783	-5.652757, -16.663213	
-15.352368, -0.239324	-27.267613, 5.978689	-19.532445, 14.720635	-10.051943, 12.708617	-9.876761, 12.241557	
-15.043222, -0.699046	-8.768048, -2.959183	-2.585704, -0.166310	-0.908645, 7.769149	-9.752093, 12.186767	-15.243680, -0.287090	
18.582774, -17.010691	13.907268, -14.541112	11.256608, -15.046156	2.562646, -26.901722	2.646078, -27.454960	18.015551, -27.436570	20.050958, -20.282598	
9.907275, -0.604486	3.906010, -4.236307	3.547002, -9.951675	11.219800, -14.850001	13.873233, -14.359735	14.784316, -4.142697	
9.811050, 4.253822	2.470207, 9.110043	-0.759843, 7.737835	-2.423233, -0.200500	3.815018, -4.085604	9.823659, -0.466001	
-21.519485, 21.143500	-19.664380, 14.836667	-27.346549, 6.048110	-27.482027, 6.038028	-27.466747, 21.407754	
-16.778445, 27.401777	-10.675734, 27.412660	-7.380315, 20.831683	-10.025577, 12.831492	-19.496955, 14.886032	-21.360264, 21.190446	
1.942878, 20.290254	4.794872, 16.272069	2.394486, 9.288277	-0.835524, 7.915976	-9.689781, 12.311889	-9.865844, 12.778618	-7.215324, 20.777069	
18.670190, -16.845397	13.997224, -14.371015	14.944915, -4.157308	22.728355, -1.640653	27.412888, -4.043975	27.400064, -8.103856	
15.519419, 8.653121	10.001301, 4.254207	10.007791, -0.465628	14.892240, -3.993607	22.682738, -1.498888	20.452813, 7.055709	
20.213175, -20.328577	27.466565, -21.422606	27.412865, -27.450934	18.191954, -27.486570	
15.413143, 8.786362	13.468427, 16.841671	4.956696, 16.216395	2.552151, 9.234034	9.897397, 4.384475	
-27.406354, 27.464923	-27.458122, 21.592872	-21.512052, 21.303050	-16.896656, 27.489471	
27.496444, -8.200213	27.494930, -21.228489	20.231782, -20.201241	18.757081, -16.932266	
4.887345, 27.480818	-10.527877, 27.487043	-7.208032, 20.918354	1.951626, 20.459762	
2.096405, 20.399122	4.944870, 16.378434	13.457195, 16.995574	15.408163, 19.592745	13.786389, 27.429547	5.040664, 27.416600	
15.575226, 8.825657	13.615029, 16.877213	15.561739, 19.477576	27.416830, 18.536549	27.401135, 12.446834	20.509611, 7.231308	
20.611642, 7.096898	27.487894, 12.332543	27.489691, -3.895401	22.820043, -1.463281	
15.573767, 19.627033	27.426780, 18.660180	27.407670, 27.461592	13.950465, 27.463519	
