-2203683.827426  1298323.302529  1998892.264157 
-1753268.842723  -1299447.536236  -1999462.513534 
-1328424.8768  -1299344.489899  -1999393.024376 
-888223.8103993  -1299220.817574  -1999308.948111 
-448057.2083598  -1299039.297908  -1999204.841232 
-7986.512368543  -1298772.538694  -1999072.694221 
13297.20692516  -1298355.891643  -1998893.180541 
34488.85043987  -1298330.061566  -1998883.325816 
56482.10404226  -1298303.855895  -1998872.362496 
78476.26455814  -1298275.192372  -1998860.643212 
100467.6754177  -1298245.549929  -1998848.566258 
122459.1393407  -1298215.139997  -1998836.100376 
144450.2471745  -1298183.978494  -1998823.026734 
166440.6634729  -1298151.518458  -1998809.700869 
188431.7786601  -1298118.871279  -1998795.099497 
210421.1906763  -1298084.383746  -1998780.184654 
232411.3608549  -1298048.744804  -1998764.731618 
254401.270699  -1298012.04586  -1998748.259243 
276390.9857254  -1297973.950241  -1998730.77777 
298380.4055472  -1297934.481789  -1998712.084469 
320369.7535015  -1297894.012275  -1998690.307881 
342359.1549149  -1297851.235465  -1998668.086297 
364348.0082507  -1297806.546317  -1998639.745024 
386337.4788755  -1297760.748956  -1998614.00777 
408325.8270601  -1297710.921324  -1998576.346382 
430314.0541755  -1297660.77513  -1998540.310999 
452303.5436541  -1297605.76462  -1998490.035122 
474293.2929531  -1297548.734014  -1998433.31169 
496281.6166781  -1297487.735752  -1998360.302464 
518271.5459113  -1297422.125081  -1998266.249143 
540261.3599831  -1297349.006779  -1998128.095204 
562255.6898831  -1297268.929615  -1997940.199794 
584247.7292239  -1297176.01723  -1997640.699851 
606243.6750857  -1297064.883966  -1997141.696003 
628245.5976487  -1296920.827471  -1996190.157692 
650271.3910708  -1296707.858093  -1993993.141064 
672318.3001187  -1296270.994324  -1986060.483495 
694533.9343366  -1293385.429231  1997689.358934 
862647.3152045  -1293127.056149  1997707.205838 
883810.9323479  -1282316.543526  1997643.234666 
903988.7657773  -1281151.014302  1997657.989744 
924829.0432792  -1279858.339676  1997669.090538 
945857.1966213  -1278576.17411  1997683.411365 
966722.9102913  -1277108.037976  1997697.033843 
987583.8016012  -1275520.736651  1997710.335708 
1008449.389175  -1273705.38508  1997722.944969 
1029311.573407  -1271668.38188  1997734.915601 
1050169.618125  -1269330.427302  1997746.074924 
1071024.074225  -1266624.510617  1997756.317763 
1091861.612509  -1263503.19154  1997765.55498 
1112682.687529  -1259770.8107  1997773.36919 
1133480.594645  -1255297.314393  1997779.508417 
1154245.557439  -1249658.245252  1997783.106338 
1174944.871376  -1242250.052995  1997782.851823 
1195553.179466  -1231692.249488  1997775.793704 
1215973.787011  -1211824.114118  1997748.276213 
1235846.588578  1299245.014719  1999259.271719 
1153531.842919  1299250.400678  1999264.504063 
1175537.081722  1299157.803078  1999270.088561 
1197564.377407  1299166.358674  1999275.143928 
1219568.982994  1299174.700593  1999280.137356 
1241572.676337  1299182.993406  1999285.069653 
1263577.214765  1299191.145114  1999289.953853 
1285581.861232  1299199.179017  1999294.783777 
1307586.716834  1299207.081682  1999299.562337 
1329591.773597  1299214.866218  1999304.290084 
1351597.042404  1299222.492309  1999308.966072 
1373602.42423  1299230.009049  1999313.596449 
1395608.080261  1299237.440896  1999318.173946 
1417613.960653  1299244.741686  1999322.710273 
1439619.961898  1299251.91676  1999327.200085 
1461626.203395  1299258.969488  1999331.639932 
1483632.580539  1299265.913492  1999336.034286 
1505639.14628  1299272.749611  1999340.383805 
1527645.89589  1299279.481679  1999344.689073 
1549652.829877  1299286.110398  1999348.950762 
1571659.944642  1299292.596891  1999353.167179 
1593667.137313  1299299.012705  1999357.347204 
1615674.601322  1299305.712887  1999361.547699 
1637683.482107  1299311.930254  1999365.63676 
1659691.247899  1299318.074147  1999369.690228 
1681699.237557  1299324.117775  1999373.693571 
1703707.352119  1299330.081865  1999377.667927 
1725715.728474  1299335.954938  1999381.592963 
1747724.240845  1299341.73919  1999385.490954 
1769732.92381  1299347.437008  1999389.346743 
1791741.752739  1299353.065171  1999393.163885 
1813750.766722  1299358.581637  1999396.934611 
1835759.870586  1299364.056074  1999400.68393 
1857769.20025  1299369.444819  1999404.391242 
1879778.737088  1299374.763696  1999408.07148 
1901788.439786  1299379.999487  1999411.711856 
 1923798.2698  1299385.160205  1999415.316276 
1945808.253351  1299390.232929  1999418.883857 
1967818.321204  1299395.275775  1999422.434621 
1989828.702503  1299400.22745  1999425.935626 
2011839.199017  1299405.110003  1999429.402086 
2033849.785986  1299409.919614  1999432.84073 
2055860.498264  1299414.686153  1999436.254514 
2077871.469064  1299419.375746  1999439.630366 
2099882.549976  1299424.009239  1999442.981016 
2121893.857554  1299428.566817  1999446.283627 
2143905.195084  1299433.067324  1999449.56816 
2165916.68335  1299437.51482  1999452.808793 
2187928.393916  1299441.906501  1999456.046995 
2209940.215565  1299446.254174  1999459.250829 
