NumRegions = 25
-21.122901, -21.049621	-21.264944, -12.427937	-17.179236, -11.963870	-12.577058, -15.773131	-14.491436, -20.944728	
-11.278902, -22.078617	0.118335, -22.176044	0.034450, -21.819837	-5.202217, -15.573602	-9.522844, -16.851140	
-11.778193, -2.524308	-15.126057, -9.455184	-10.482013, -13.213290	-6.093174, -12.194459	-5.778973, -11.108201	-8.095306, -4.285437	
-14.263642, -1.279822	-17.807373, -8.112625	-21.828797, -8.970830	-21.861996, 2.964211	-21.774396, 2.964280	-14.395547, -1.029474	
-5.434815, -3.455186	-3.459608, -10.384403	1.108264, -7.152435	1.289291, -4.217486	-1.913825, -2.189458	
-2.171543, -12.581547	2.879812, -10.174292	7.235061, -12.601536	2.239117, -20.055443	-2.707629, -13.577183	
-12.982357, 1.675527	-20.475121, 5.451237	-15.320910, 10.243161	-9.936177, 9.532538	-9.841903, 9.255166	
-10.692513, 0.462138	-6.738445, -0.553039	-3.453595, 1.238383	-2.427170, 5.437628	-7.348538, 8.159374	-10.808605, 0.720198	
13.764013, -15.184964	10.978359, -13.773218	9.440702, -14.214743	3.850798, -21.234228	3.877576, -21.599197	13.257081, -21.231392	14.568173, -17.146469	
7.942337, -2.405771	4.847826, -4.440912	4.660331, -7.375455	8.704534, -10.291639	10.297652, -10.145675	10.453165, -4.379260	
6.203747, 2.885120	2.306033, 5.556774	0.548880, 4.811354	-0.204162, 0.554579	3.027981, -1.426861	6.270029, 0.363929	
-18.831339, 15.822728	-17.959614, 12.563790	-22.053837, 6.839651	-22.140541, 6.827151	-21.834932, 15.706415	
-15.646918, 16.761651	-14.611119, 13.551090	-9.408866, 11.990035	-7.919141, 16.666767	-9.668841, 20.753193	-13.367836, 20.535535	
0.492493, 15.027675	2.048086, 12.908756	0.791608, 9.121447	-0.964758, 8.374174	-6.102312, 10.661815	-6.214211, 10.932557	-4.619326, 15.574480	
15.512338, -11.879079	12.777478, -10.371288	13.665154, -4.671484	17.814609, -3.094198	20.757764, -4.250676	20.501283, -6.699112	
12.932297, 5.176043	10.008752, 2.892819	9.952674, 0.371381	12.611641, -1.397464	16.902269, -0.258903	15.486119, 4.316174	
17.812516, -18.066056	21.831291, -19.335372	20.757293, -21.518688	16.785129, -22.231393	
10.806790, 7.840866	9.910321, 12.214661	5.284555, 11.795277	3.944898, 8.036586	7.930672, 5.498179	
-20.627079, 21.798454	-21.662450, 19.408777	-18.682680, 19.013716	-15.732057, 22.289421	
22.428885, -8.626234	22.398608, -15.453049	18.184665, -15.519331	17.250162, -13.616470	
2.116177, 22.116351	-6.711707, 22.240852	-4.473487, 18.400188	0.667463, 18.417834	
3.563038, 17.205036	5.048042, 15.036061	9.685684, 15.292720	10.810771, 16.704326	9.918480, 21.090949	5.182572, 20.832005	
14.048443, 8.626765	12.842362, 12.925499	13.882307, 14.400953	20.836609, 14.101230	20.522708, 10.472008	16.622076, 7.828146	
18.662697, 5.139947	22.257883, 8.186188	22.293812, -1.279185	19.648379, 0.453237	
14.122853, 17.390076	21.035592, 16.573866	20.653403, 21.731834	13.199998, 21.770371	
