NumRegions = 25
-29.655725, -29.637405	-29.691236, -14.866393	-22.775755, -13.789057	-14.691867, -20.415815	-17.959700, -29.611182	
-17.156566, -29.894654	2.295834, -29.919011	2.198995, -29.335538	-6.399550, -18.665670	-13.928313, -20.685317	
-16.352967, -1.298470	-22.262461, -13.161886	-14.168105, -19.775855	-6.622290, -17.820884	-5.936244, -16.061892	-9.815625, -3.780595	
-16.974329, -0.987348	-22.932790, -12.826246	-29.832199, -14.002116	-29.840499, 6.005749	-29.697401, 6.014505	-17.187198, -0.555968	
-9.150502, -3.573032	-5.356403, -15.880942	3.339754, -10.644345	3.708131, -4.764234	-2.708503, -0.758287	
-5.034387, -16.430228	3.782641, -11.399809	11.775551, -16.398757	2.750162, -28.894440	-5.775903, -18.166565	
-11.314618, 13.687581	-11.133508, 13.199411	-16.833901, 0.120282	-29.372582, 6.636244	-21.173582, 15.691847	
-16.081547, -0.551858	-9.476410, -2.847495	-3.093445, 0.098673	-1.334380, 8.288161	-10.510167, 12.925463	-16.290463, -0.118550	
19.978642, -18.815347	15.089985, -16.245333	12.326961, -16.802059	3.153082, -29.189136	3.235644, -29.774799	19.351123, -29.682848	21.499375, -22.238885	
10.774593, -1.048924	4.597765, -4.820091	4.227771, -10.700100	12.142919, -15.821283	14.919808, -15.338447	15.793496, -4.721014	
10.331355, 4.519221	2.752843, 9.551657	-0.590367, 8.131593	-2.281087, -0.072278	4.142804, -4.066578	10.356516, -0.356499	
-21.833258, 16.272004	-29.767261, 6.983348	-29.910135, 6.971484	-29.833733, 22.985251	-23.725342, 22.764739	
-8.434523, 22.648575	-11.182790, 14.301955	-20.996134, 16.518830	-22.929237, 22.999469	-18.230397, 29.508884	-11.836627, 29.563298	
1.895916, 21.814168	4.848663, 17.668862	2.374237, 10.442826	-0.968776, 9.022297	-10.198610, 13.551073	-10.384127, 14.037586	-7.609570, 22.375503	
20.415723, -17.988876	15.539764, -15.394850	16.596493, -4.794071	24.635343, -2.146814	29.564441, -4.603574	29.500321, -8.854568	
16.978083, 9.051794	11.282606, 4.521145	11.277177, -0.354636	16.333115, -3.975565	24.407258, -1.437991	22.057828, 7.400279	
22.310461, -22.468781	29.832823, -23.738526	29.564323, -29.754672	20.233135, -29.932848	
16.446706, 9.717999	14.466763, 18.053821	5.657780, 17.390493	3.162559, 10.171610	10.763086, 5.172485	
-29.531770, 29.824614	-29.790612, 23.910841	-23.688177, 23.562486	-18.821452, 29.947355	
29.982221, -9.336348	29.974652, -22.767946	22.403498, -21.832100	20.850179, -18.423223	
4.947999, 29.904088	-11.097343, 29.935213	-7.573110, 23.081930	1.939659, 22.661708	
2.663552, 22.358509	5.598652, 18.200689	14.410604, 18.823336	16.442914, 21.511238	14.762277, 29.647737	5.714598, 29.583001	
17.257119, 9.914474	15.199773, 18.231530	17.210798, 20.935395	29.584152, 20.004644	29.505677, 13.637104	22.341817, 8.278272	
22.851972, 7.606222	29.939471, 13.065649	29.948453, -3.860702	25.093785, -1.259956	
17.270935, 21.682676	29.633898, 20.622803	29.538351, 29.807959	15.582656, 29.817593	
