-2203683.827426  1297456.869266  1996847.187563 
-1750576.241962  -1299094.646724  -1998857.22735 
-1329836.534699  -1298934.113478  -1998658.392116 
-889868.0738537  -1298747.397433  -1998401.107697 
-449924.4875996  -1298477.337699  -1998056.675033 
-10130.68913389  -1298091.465189  -1997577.198564 
10851.08437171  -1297494.809583  -1996850.42971 
31735.98255928  -1297458.771517  -1996805.840554 
53722.21782993  -1297421.904437  -1996757.997982 
75699.18363399  -1297380.519547  -1996706.282929 
97676.1197917  -1297337.680594  -1996651.77561 
119652.1752019  -1297293.633287  -1996595.475894 
141629.2318826  -1297247.730267  -1996535.383501 
163605.4889553  -1297200.481429  -1996472.713077 
185582.2792884  -1297150.912902  -1996404.340508 
207558.5621727  -1297099.037846  -1996330.038098 
229535.1052801  -1297044.876545  -1996248.901376 
251511.5362161  -1296987.754206  -1996157.482223 
273488.6149869  -1296926.761995  -1996050.86858 
295464.6567968  -1296863.600308   -1995934.544 
317440.7877799  -1296794.404669  -1995786.858202 
339418.2280274  -1296718.221006  -1995596.659066 
361395.5478147  -1296635.759347  -1995356.930488 
383372.2288013  -1296540.176482  -1995004.453087 
405349.5198217  -1296427.727365  -1994467.861018 
427327.4935989  -1296284.046883  -1993518.754139 
449305.8521384  -1296080.648516  -1991553.481893 
471281.5901154  -1295721.39073  -1986020.181648 
493243.9400893  -1292404.949038  1994378.809132 
734625.173876  -1292143.459544  1994444.584678 
754145.7100554  -1263342.383104  1994050.894187 
767369.3334983  -1260403.503144  1994108.501658 
786535.5798465  -1258272.002553  1994131.565277 
806840.4134386  -1254910.532682  1994185.099877 
826046.9317885  -1250071.346632  1994225.091647 
845043.1336098  -1245086.634075  1994267.766704 
864090.0491993  -1239102.581596  1994304.187918 
883012.281849  -1231300.135655  1994329.368592 
901719.8934328  -1220174.200252  1994334.986697 
920008.7352411  -1199508.325063  1994283.87815 
936984.6995339  1298665.310498  1997929.765017 
803523.6048343  1298671.121189  1997951.851443 
825520.9483358  1298415.485876  1997973.768937 
847725.8176078  1298431.950548  1997995.397842 
869714.8484666  1298448.23167  1998016.324588 
891699.8180389  1298464.492863  1998036.850385 
913686.2359562  1298480.440243  1998057.045826 
935672.9104222  1298496.134357  1998076.925093 
957659.9512433  1298511.490785  1998096.419996 
979646.7544081  1298526.66517  1998115.671309 
1001634.438976  1298541.561658  1998134.62082 
1023622.395106  1298556.190691  1998153.245037 
1045610.390511  1298570.564155  1998171.582322 
1067598.727863  1298584.699096  1998189.615399 
1089587.18212  1298598.619934  1998207.397418 
1111576.159253  1298612.309513  1998224.903836 
1133565.39166  1298625.777935  1998242.126278 
1155554.77016  1298639.037397  1998259.127609 
1177544.783632  1298652.061744  1998275.840297 
1199534.786357  1298664.999778  1998292.399781 
1221525.956345  1298677.562279  1998308.560087 
1243515.975845  1298689.992958  1998324.559241 
1265506.995115  1298702.232999  1998340.312387 
1287498.227848  1298714.277954  1998355.83961 
1309489.762197   1298726.1618  1998371.15403 
1331481.716685  1298737.815615  1998386.205778 
1353473.505521  1298749.310648  1998401.049065 
1375465.713335  1298760.644355  1998415.693753 
1397458.231066  1298771.825817  1998430.159714 
1419451.399538  1298782.815311  1998444.373466 
1441444.36044  1298793.655659  1998458.413088 
1463437.838329  1298804.330638  1998472.25296 
1485431.533591  1298814.830031  1998485.891941 
1507425.377908  1298825.195985  1998499.350148 
1529419.597368  1298835.43006  1998512.608831 
1551413.938516  1298845.507077  1998525.697722 
1573408.729599  1298855.436569  1998538.618181 
1595403.781646  1298865.22707  1998551.353444 
1617399.080821  1298874.879633  1998563.927444 
1639394.662727  1298884.389693  1998576.343775 
1661390.673295  1298894.027489  1998588.830801 
1683388.965686  1298903.253714  1998600.854297 
1705385.04318  1298912.409321  1998612.795683 
1727381.784421  1298921.409433  1998624.545042 
1749378.607338  1298930.285124  1998636.135076 
1771375.679434  1298939.042838  1998647.578388 
1793373.008747  1298947.686118  1998658.874907 
1815370.618073  1298956.205023  1998670.008979 
1837368.381459  1298964.628715  1998681.018454 
1859366.495718  1298972.938208  1998691.90436 
1881364.89483  1298981.137173  1998702.620674 
1903363.445543  1298989.228595  1998713.216612 
1925362.286157  1298997.21123  1998723.675793 
1947361.345226  1299005.092034  1998734.002814 
1969360.652257  1299012.86967  1998744.199005 
1991360.167724  1299020.555112  1998754.275614 
2013359.98166  1299028.138556  1998764.231097 
2035360.030965  1299035.634521  1998774.055436 
2057360.295361  1299043.029747  1998783.76033 
2079360.778651  1299050.336908  1998793.35226 
2101361.523995  1299057.55554  1998802.820203 
2123362.461563  1299064.684147  1998812.18247 
2145363.679294  1299071.723291  1998821.429146 
2167365.103121  1299078.67681  1998830.565222 
2189366.754347  1299085.546317  1998839.592719 
2211368.633021  1299092.325059  1998848.500529 
