-2203683.827426  1296256.436604  1993802.695375 
-1756716.071797  -1298716.921974  -1998296.254254 
-1325638.175827  -1298484.533234  -1997938.555233 
-885297.3240987  -1298192.673224  -1997449.389431 
-445002.3602964  -1297785.801937  -1996747.965946 
-4799.001414877  -1297202.870893  -1995677.371734 
16606.29135972  -1296286.110019  -1993806.256629 
37864.62023637  -1296229.06244  -1993679.268872 
59857.08092857  -1296165.961459  -1993534.029603 
81848.98639769  -1296098.427337  -1993372.397611 
103838.6500622  -1296028.009009  -1993197.650353 
125827.4304859  -1295953.267233  -1993001.454996 
147815.1176775  -1295873.976249  -1992779.537725 
169801.6134916  -1295788.361606  -1992517.146209 
191786.3718985  -1295694.682335  -1992194.452747 
213769.1542243  -1295590.889341  -1991781.397349 
235749.534524  -1295469.357991  -1991185.629964 
257725.5836166  -1295323.585084  -1990271.297113 
279692.7370393  -1295128.897884  -1988580.224635 
301647.5862645  -1294826.197471  -1984623.670191 
323550.7889253  -1294122.621081  -1968605.577039 
345157.8120562  -1291122.011917  1990120.682434 
470289.9220702  -1290840.468692  1990292.410138 
490622.9208158  -1284277.746287  1990088.968975 
508999.2324211  -1283670.014754  1990294.145896 
529367.9174908  -1283015.227646  1990431.420166 
550048.7753369  -1282337.33937  1990603.534606 
570495.7927787  -1281560.331257  1990766.786554 
590946.7586328  -1280756.485948  1990923.164289 
611429.9823014  -1279883.324737  1991072.656453 
631936.575023  -1278921.148224  1991216.684259 
652460.268152  -1277877.177176  1991354.738615 
673004.113557  -1276742.795771  1991487.10214 
693568.3754317  -1275489.65641  1991615.013932 
714143.1503108  -1274088.428846  1991738.813541 
734731.9214041  -1272537.635339  1991858.059836 
755333.298834  -1270823.229302  1991973.011542 
775944.3994872  -1268884.00434  1992083.943937 
796561.1182082  -1266706.551443  1992191.023336 
817181.0736018  -1264198.203424  1992293.861838 
837800.0316036  -1261328.290858  1992392.605444 
858414.7700007  -1258021.620004  1992487.039282 
879015.8291152  -1254077.636744  1992576.655307 
899591.6368802  -1249311.394401  1992660.803537 
920130.9520243  -1243446.173937  1992738.639636 
940617.2072693  -1235840.132685  1992807.742149 
961003.5120881  -1225173.597474  1992863.129701 
981201.8355401  -1207514.24557  1992888.585917 
1000946.096318  1297987.153298  1996829.401873 
974245.2035583  1298003.431897  1996870.35464 
996260.4321698  1297881.169731  1996910.858306 
1018377.203844  1297902.965986  1996949.866593 
1040386.489972  1297924.622209  1996987.61896 
1062395.345501  1297946.012561  1997024.894336 
1084404.914378  1297967.011507  1997061.190691 
1106414.340541  1297987.688039  1997096.945581 
1128424.189811  1298008.041546  1997132.120849 
1150434.460108  1298028.048128  1997166.513321 
1172444.74819  1298047.730428  1997200.198162 
1194455.170179  1298067.10624  1997233.45347 
1216466.092865  1298086.147518  1997265.85035 
1238476.864181  1298104.912322  1997297.767868 
1260488.021063  1298123.37668  1997329.114938 
1282499.411363  1298141.553735  1997359.895474 
1304511.005509  1298159.444834  1997390.156453 
1326522.883514  1298177.22721  1997420.577743 
1348536.123216  1298194.566239  1997449.666271 
1370548.255082  1298211.644896  1997478.273773 
1392560.619228  1298228.466423  1997506.408141 
1414573.214773  1298245.033194  1997534.031294 
1436585.958914  1298261.334358  1997561.121062 
1458598.830948  1298277.45352  1997587.973881 
1480612.213108  1298293.263971  1997614.065671 
1502625.356786  1298308.873028  1997639.85835 
1524638.89079  1298324.254274  1997665.210315 
1546652.599575  1298339.413702  1997690.139667 
1568666.493442  1298354.360326  1997714.665395 
1590680.575327  1298369.120729  1997738.91165 
1612695.051936  1298383.619157  1997762.542026 
1634709.367654  1298397.935916  1997785.873207 
1656723.989371  1298412.049281  1997808.82541 
1678738.782829  1298425.965568  1997831.407236 
1700753.748212  1298439.688836  1997853.627998 
1722768.886324  1298453.197069  1997875.390435 
1744784.038065  1298466.560478  1997896.909642 
1766799.456073  1298479.737317  1997918.146933 
1788815.219907  1298492.709973  1997938.970584 
1810830.999956  1298505.514981  1997959.443043 
1832846.832674  1298518.157199  1997979.661816 
1854862.981021  1298530.631024  1997999.571488 
1876879.295912  1298542.954637  1998019.249179 
1898895.942433  1298555.101504  1998038.562548 
1920912.598219  1298567.078308  1998057.537182 
1942929.302241  1298578.908736  1998076.272033 
 1964946.2591  1298590.591094  1998094.729495 
1986963.372953  1298602.110616  1998112.876402 
2008980.553595  1298613.49145  1998130.780142 
2030997.947183  1298624.723323  1998148.427995 
2053015.505493  1298635.812374  1998165.820221 
2075033.219692  1298646.761096  1998182.960226 
2097051.082405  1298657.570922  1998199.853298 
2119069.092513  1298668.246026  1998216.503368 
2141087.247294  1298678.788166  1998232.916199 
2163105.547961  1298689.199553  1998249.096165 
2185123.992236  1298699.486088  1998265.070687 
2207142.639969  1298709.643535  1998280.730129 
