-2203683.827426  1293091.932337  1980569.30327 
-1744556.749381  -1298111.938837  -1997514.270846 
-1328874.805688  -1297703.083728  -1996851.207782 
-889100.1752299  -1297223.831978  -1995865.601112 
-449427.1078633  -1296495.54006  -1994270.330286 
-10219.89612581  -1295394.329097  -1991359.782619 
9457.551132098  -1293237.460704  -1981499.158842 
25980.02347667  -1292974.26216  -1978295.870786 
47285.56345043  -1292589.550932  -1970571.820494 
67999.76604604  -1291295.223706  -1924399.574093 
83148.58597078  -1286486.522843  -1592699.963745 
58027.62678859  -1282262.501026  -1218503.420533 
43756.13086683  -1280211.20244  -844091.5859849 
55018.34894733  -1278482.215423  -473517.3969912 
103664.2749121  -1278628.765124  61345.57981682 
211290.7720929  -1278334.075075  614689.9694954 
301530.0411938  -1272103.967206  998771.081478 
370508.7153581  -1263448.963548  1353768.591763 
418491.0239825  -1253889.463133  1640928.371977 
459359.9950506  -1243736.491618  1794162.134921 
483516.1945819  -1217180.064174  1828557.928482 
490752.339474  -1191360.322201  1845634.058499 
501734.0732574  -1194926.191273  1860385.040636 
530809.3754951  -1195457.460553  1884271.894986 
555016.1552943  1296003.512452  1990864.90847 
452751.0132448  1296073.780431  1991090.570558 
474637.3094361  1295413.152613  1991369.661028 
497360.781767  1295480.66403  1991569.963574 
519244.9068219  1295544.892282  1991761.634119 
541132.8432907  1295609.083366  1991944.624663 
 563027.34602  1295671.787975  1992123.99852 
584925.9760668  1295733.024112  1992295.593516 
606829.118659  1295792.764801  1992460.139329 
628736.1809941  1295851.085569  1992618.204714 
650647.1528598  1295908.096311  1992771.446699 
 672561.71996  1295963.81112  1992919.568819 
694479.5292237  1296018.29353  1993063.270405 
716400.3778414  1296071.593593  1993202.283204 
738324.4572955  1296123.714435  1993336.330353 
760251.2602241  1296174.68472  1993466.058915 
782180.7454041  1296224.637656  1993593.687201 
804113.0554148  1296273.500396  1993716.003856 
826047.7343167  1296321.318807  1993832.756183 
847984.2308418  1296368.148019  1993947.304012 
869923.3027198  1296414.021035  1994059.725933 
891864.8346353  1296458.982334  1994167.145606 
913807.9434085  1296503.043899  1994272.369333 
935753.1847947  1296546.174949  1994373.528378 
957699.9205568  1296588.505945  1994472.245639 
979648.7349089  1296630.030262  1994570.424068 
1001600.025009  1296670.707064  1994663.035229 
1023551.783787  1296710.616423  1994754.422436 
1045505.716329  1296749.764216  1994843.150933 
1067461.067281  1296788.172633  1994929.613273 
1089417.969993  1296825.839223  1995012.728742 
1111375.758564  1296862.827754  1995094.811436 
1133335.449306  1296899.113622  1995173.695507 
1155295.909632  1296934.764301  1995251.841183 
1177258.297122  1296969.731998  1995325.919766 
1199220.703865  1297004.079329  1995399.39057 
1221185.134254  1297037.831299  1995471.514472 
1243150.869842  1297070.985304  1995542.084921 
1265117.910693  1297103.534087  1995609.648381 
1287085.246204  1297135.53517  1995676.605601 
1309054.236908  1297166.957165  1995741.668296 
1331024.094625  1297197.846294  1995804.606745 
1352994.505399  1297228.210148  1995866.543079 
1374966.183909  1297258.053665  1995926.942582 
1396938.69369  1297287.395017  1995985.953661 
1418912.133907  1297316.248352  1996043.808637 
1440886.604853  1297344.625281  1996100.309684 
1462861.920489  1297372.520885  1996156.718722 
1484838.983025  1297399.960863  1996210.559908 
1506815.850757  1297426.956263  1996261.854649 
1528792.274812  1297453.514156  1996313.505026 
1550770.875491  1297479.660595  1996365.839893 
1572751.497134  1297505.359276  1996414.88824 
1594731.270698  1297530.660788  1996462.782921 
1616711.618585  1297555.567027  1996509.737369 
1638692.648598  1297580.074167  1996556.367034 
1660675.021704  1297604.203687  1996601.330395 
1682657.412481  1297627.951234  1996645.835929 
1704640.899961  1297651.344335  1996689.371909 
1726624.940979  1297674.378407  1996732.027669 
1748609.637961  1297697.058149  1996773.730528 
1770594.869861  1297719.394997  1996814.592246 
1792580.698899  1297741.395348  1996854.647741 
1814567.125789  1297763.065858  1996893.791193 
1836553.996714  1297784.416344  1996932.275932 
1858541.55942  1297805.446548  1996970.121812 
1880529.807997  1297826.169592  1997007.152799 
1902518.500276  1297846.587741  1997043.351656 
1924507.599994  1297866.715355  1997079.015989 
1946497.375162  1297886.540138  1997115.029638 
1968488.760373  1297906.072141  1997149.22697 
1990479.486053  1297925.340399  1997182.915456 
2012470.807168  1297944.34503  1997216.049715 
2034462.601934  1297963.084753  1997247.459229 
2056453.775245  1297981.52883  1997280.359515 
2078447.651482  1297999.727337  1997311.681782 
2100440.960197  1298017.669917  1997342.212106 
2122434.505838  1298035.369029  1997372.377482 
2144428.636023  1298052.824565  1997401.988272 
2166423.19227  1298070.041165  1997431.080749 
2188418.187167  1298087.015152  1997459.731103 
2210413.684684  1298103.775666  1997487.914336 
