NumPoints = 77
0.0261378 0.92064
0.0118329 0.76072
0.136295 0.980118
0.221525 0.918611
0.0952062 0.82979
0.195855 0.818296
0.326244 0.957418
0.44364 0.924578
0.363498 0.815703
0.121992 0.643427
0.259105 0.730548
0.0051098 0.660585
0.539505 0.774067
0.587282 0.894399
0.598199 0.997565
0.442172 0.726405
0.0672176 0.532519
0.169693 0.54883
0.0757221 0.360221
0.176126 0.426147
0.0143339 0.446188
0.260166 0.498599
0.625457 0.660599
0.448027 0.582035
0.330485 0.638482
0.560843 0.576009
0.362519 0.504118
0.095843 0.260431
0.268637 0.379186
0.21465 0.245532
0.068061 0.16263
0.53413 0.428301
0.376419 0.36602
0.251971 0.112888
0.00126457 0.0103211
0.14973 0.00297618
0.151895 0.105542
0.420623 0.201899
0.568771 0.315094
0.468136 0.305669
0.336691 0.269544
0.722436 0.452954
0.670861 0.320606
0.673931 0.550393
0.706748 0.978697
0.67666 0.828499
0.766756 0.896009
0.726622 0.646989
0.782308 0.744942
0.773967 0.551227
0.356743 0.114617
0.868006 0.929636
0.567481 0.186986
0.707732 0.217938
0.563551 0.00729463
0.707043 0.0652739
0.497791 0.103072
0.2886 0.0122821
0.973781 0.897466
0.982583 0.781627
0.862498 0.804831
0.96508 0.997541
0.811736 0.171902
0.868546 0.282674
0.766032 0.362381
0.82725 0.0638779
0.853523 0.477951
0.852843 0.632808
0.411494 0.0161173
0.983752 0.497092
0.961289 0.600109
0.939441 0.39396
0.946882 0.20611
0.996976 0.310339
0.935192 0.0981855
0.22413 0.634404
0.972921 0.00409327