-2203683.827426  1296256.436604  1993802.695375 
-1749965.832475  -1298716.931408  -1998296.264967 
-1329344.885587  -1298480.014764  -1997938.342359 
-889458.6459785  -1298196.901097  -1997449.833633 
-449611.614978  -1297792.154851  -1996748.414815 
-9980.953919285  -1297212.74152  -1995678.633237 
10746.71622315  -1296304.214707  -1993813.757505 
31165.13421296  -1296249.02496  -1993688.318327 
53119.17289479  -1296187.533347  -1993545.914834 
75066.31024712  -1296121.518179  -1993389.077387 
97006.03834954  -1296051.94718  -1993216.860847 
118943.4459927  -1295978.973719  -1993028.054737 
140879.0564434  -1295900.91516  -1992811.648851 
162812.2498623  -1295816.949097  -1992558.493822 
184740.9206478  -1295726.722334  -1992259.065226 
206668.3683277  -1295626.01716  -1991872.623557 
228588.0220176  -1295512.197674  -1991352.528233 
250502.8768235  -1295375.469007  -1990557.988975 
272406.7145338  -1295199.925459  -1989181.361621 
294287.6780415  -1294942.819837  -1986233.438112 
316093.4662329  -1294442.919171  -1976844.752343 
337590.6828052  -1291224.340193  1990038.493595 
575661.4320928  -1290949.963195  1990209.359521 
594147.7204299  -1259605.814682  1988568.411428 
596835.9018713  -1257311.923835  1988864.065482 
615198.1697765  -1256986.094141  1988725.542463 
637281.7894935  -1254368.850035  1988980.229828 
655607.7030253  -1248759.811692  1989113.168561 
672915.3275273  -1245170.336916  1989320.584947 
691195.8916539  -1241452.345618  1989502.05981 
709649.6149739  -1236422.749451  1989660.914331 
727737.7470575  -1229933.736757  1989789.854076 
745597.9112606  -1221876.913134  1989891.646555 
763241.8382921  -1210855.747576  1989948.137973 
780374.6102714  -1190673.518343  1989873.635408 
795755.8564568  1297925.573764  1996217.924091 
693153.9778611  1297934.805722  1996271.887547 
715161.7905601  1297564.293598  1996327.099122 
737746.4294872  1297591.637197  1996379.376449 
759721.8932809  1297618.426521  1996429.424211 
781694.3635866  1297645.227234  1996478.209256 
803668.0760745  1297671.438025  1996525.65249 
825641.6131005  1297697.208886  1996572.245243 
847616.0930833  1297722.514824  1996617.902569 
869591.3185924  1297747.334537  1996662.360486 
891566.4467053  1297771.780326  1996706.223498 
913542.9055642  1297795.756859  1996749.010546 
935519.4545905  1297819.287735  1996790.803422 
957496.150562  1297842.436081  1996831.877978 
979473.7510375  1297865.233859  1996872.358122 
1001452.59526  1297887.531571  1996911.435333 
1023430.031247  1297909.516408  1996950.12594 
1045409.186684  1297931.126937  1996988.026353 
1067388.732062  1297952.379398  1997025.208218 
1089368.857324  1297973.27881  1997061.65905 
1111349.374438  1297993.828849  1997097.354311 
1133330.119077  1298014.061658  1997132.528512 
1155311.914406  1298033.946887  1997166.829136 
1177293.478897  1298053.523099  1997200.702459 
1199276.15684  1298072.762284  1997233.70401 
1221258.519365  1298091.712758  1997266.164017 
1243241.535464  1298110.371215  1997298.126634 
1265225.316476  1298128.730484  1997329.454895 
1287209.358331  1298146.972558  1997361.046547 
1309196.677383  1298164.61021  1997390.527975 
1331179.16331  1298182.131016  1997420.119573 
1353164.195916  1298199.391305  1997449.292671 
1375149.945312  1298216.509162  1997478.612699 
1397138.650079  1298233.238077  1997506.688787 
1419125.058995  1298249.72056  1997534.306745 
1441111.924872  1298265.934933  1997561.388378 
1463099.051561  1298281.968662  1997588.233316 
1485087.235061  1298297.696473  1997614.317478 
1507074.920958  1298313.225025  1997640.103439 
1529063.416286  1298328.526714  1997665.448536 
1551052.272566  1298343.60871  1997690.371302 
1573041.510487  1298358.479548  1997714.890674 
1595031.136757  1298373.165325  1997739.130404 
1617021.579571  1298387.591932  1997762.756119 
1639011.691783  1298401.838121  1997786.081524 
1661002.432097  1298415.881958  1997809.028144 
1682993.528343  1298429.730429  1997831.604631 
1704984.979577  1298443.38734  1997853.820256 
1726976.787792  1298456.832608  1997875.581246 
1748968.629101  1298470.130924  1997897.093283 
1770961.014379  1298483.244851  1997918.324519 
1792954.112843  1298496.157006  1997939.144566 
1814947.244992  1298508.902586  1997959.611902 
1836940.486483  1298521.493161  1997979.878017 
1858934.64233  1298533.910597  1997999.775263 
1880928.859785  1298546.163236  1998019.37582 
1902923.433769  1298558.254082  1998038.678562 
1924918.33209  1298570.18664  1998057.690599 
1946913.557299  1298581.963839  1998076.417893 
1968909.107055  1298593.594624  1998094.870887 
1990904.999904  1298605.066138  1998113.046513 
2012901.201887  1298616.395775  1998130.914738 
2034897.489419  1298627.578935  1998148.558879 
2056894.298837  1298638.620351  1998165.94802 
2078891.432402  1298649.522604  1998183.085167 
 2100888.8734  1298660.287118  1998199.976275 
2122886.624628  1298670.91777  1998216.624132 
2144884.67362  1298681.416323  1998233.034618 
2166883.023213  1298691.784974  1998249.212217 
2188881.669269  1298702.031454  1998265.183464 
2210880.77609  1298712.148063  1998280.838525 
