-2203683.827426  1297456.869266  1996847.187563 
-1757009.068351  -1299094.64675  -1998857.227379 
-1325871.390229  -1298937.984032  -1998658.533111 
-885496.0501584  -1298743.897168  -1998400.989632 
-445151.2105726  -1298472.08275  -1998056.534998 
-4868.753402295  -1298083.084651  -1997576.863446 
16659.91360669  -1297480.219323  -1996849.12417 
38142.55174552  -1297442.604379  -1996804.371528 
60152.59323988  -1297404.154759  -1996756.017896 
82159.09833843  -1297362.214248  -1996704.296232 
104167.5891089  -1297318.769331  -1996649.311907 
126174.7269702  -1297273.994537  -1996592.410459 
148182.5551666  -1297227.476479  -1996532.042529 
170190.2606981  -1297179.413581  -1996468.597556 
192198.0135618  -1297129.172064  -1996399.905527 
214205.6213403  -1297075.801909  -1996322.33187 
236213.5174239  -1297021.213046  -1996241.711054 
258220.9791024  -1296962.566309  -1996146.49297 
280228.9737098  -1296901.225754  -1996040.851811 
302236.4906212  -1296836.052362  -1995917.892064 
324244.2138066  -1296765.147957  -1995764.322975 
346251.4764469  -1296687.428927  -1995567.524016 
368259.6843265  -1296601.406844  -1995306.563422 
390267.2835694  -1296502.678505  -1994930.266654 
412275.1687794  -1296383.519443  -1994327.928803 
434284.4173592  -1296230.103582  -1993251.390958 
456291.988603  -1296008.044865  -1990948.917742 
478298.5129698  -1295582.254398  -1983713.325625 
500291.0187888  -1292277.008376  1994397.899239 
627199.5200108  -1292008.443742  1994464.227085 
648031.3892342  -1285811.812668  1994415.086422 
668186.1947831  -1285137.212891  1994479.064284 
689019.719456  -1284422.485466  1994533.80717 
709972.3520088  -1283670.233658  1994594.664333 
730835.5085556  -1282859.791162  1994653.717889 
751711.4908256  -1281977.960288  1994711.678913 
772597.9559425  -1280996.712582  1994768.225487 
793495.3594392  -1279935.451616  1994823.403011 
814403.691778  -1278774.529946  1994877.241464 
835321.1497113  -1277495.889822  1994929.811138 
856246.4945661  -1276064.439449  1994980.921949 
877181.2676768  -1274457.706834  1995030.698976 
898115.3462015  -1272663.272256  1995079.116011 
919053.3253418  -1270653.34327  1995126.044114 
939995.4454334  -1268355.978924  1995171.419936 
960939.4621553  -1265687.703874  1995215.092907 
981872.2148852  -1262622.247531  1995257.041624 
1002790.145826  -1258980.446579  1995296.765635 
1023702.758553  -1254665.971297  1995334.093597 
1044585.067599  -1249215.779048  1995368.06814 
1065419.054148  -1242340.748983  1995397.759386 
1086194.320785  -1232805.101536  1995420.153567 
1106843.071017  -1217496.729587  1995427.181405 
1127200.111258  1298687.138331  1998188.837054 
1084464.900769  1298697.393013  1998206.955697 
 1106481.5485  1298607.446057  1998224.631595 
1128534.446123  1298620.815065  1998241.991708 
1150549.026699  1298634.131806  1998258.982076 
1172563.139697  1298647.307341  1998275.740127 
1194577.603193  1298660.221232  1998292.202713 
1216591.983405  1298672.94742  1998308.426668 
1238606.544842  1298685.465286  1998324.416414 
1260621.257101  1298697.794724  1998340.183103 
1282636.161082  1298709.930493  1998355.71344 
1304651.174093  1298721.872141  1998371.010305 
1326666.28943  1298733.630807  1998386.084014 
1348681.523193  1298745.206796  1998400.933059 
1370696.871256  1298756.618773  1998415.57424 
1392712.353677  1298767.856493  1998430.017327 
1414728.020371  1298778.947421  1998444.267809 
1436743.895716  1298789.854222  1998458.306068 
1458759.822221  1298800.600145  1998472.147979 
1480775.880088  1298811.171629  1998485.79631 
1502792.034031  1298821.603256  1998499.250081 
1524808.32911  1298831.902808  1998512.510173 
1546824.695284  1298842.026723  1998525.622121 
1568841.36544  1298852.321098  1998538.854312 
1590859.247338  1298862.143039  1998551.551919 
1612875.986858  1298871.849416  1998564.110449 
1634892.93501  1298881.419248  1998576.502123 
1656910.009582  1298890.85441  1998588.719317 
1678927.185976  1298900.181941  1998600.817345 
1700944.578016  1298909.338001  1998612.681314 
1722961.939747  1298918.417722  1998624.464442 
1744979.582712  1298927.344013  1998636.054578 
1766997.269506  1298936.153331  1998647.49941 
1789015.086202  1298944.845449  1998658.794834 
1811033.028184  1298953.43026  1998669.954572 
1833051.109315  1298961.892422  1998680.962321 
1855069.29059  1298970.244148  1998691.816569 
1877087.572682  1298978.488203  1998702.549494 
1899106.001603  1298986.626469  1998713.147861 
1921124.553123  1298994.651998  1998723.606339 
1943143.200369   1299002.5763  1998733.934889 
1965161.973451  1299010.396031  1998744.132046 
1987180.846011  1299018.123015  1998754.209957 
2009199.863406  1299025.747395  1998764.159163 
2031218.973543  1299033.282679  1998773.992264 
2053238.229679  1299040.716716  1998783.69791 
2075257.569175  1299048.062024  1998793.290973 
2097277.036343  1299055.317957  1998802.75994 
2119296.596159  1299062.48316  1998812.123273 
2141316.291398  1299069.55809  1998821.370945 
2163336.086052  1299076.546788  1998830.508141 
2185355.991056  1299083.450518  1998839.536439 
2207376.004765  1299090.262884  1998848.445215 
