NumRegions = 25
-16.811451, -16.774810	-16.882472, -9.229201	-13.328322, -8.750676	-9.249452, -12.110292	-10.921831, -16.722364	
-9.315564, -17.289309	0.640257, -17.338022	0.578862, -17.033144	-3.908544, -11.574562	-7.722346, -12.649296	
-9.327153, -1.433280	-12.301733, -7.496333	-8.201930, -10.830371	-4.354022, -9.884991	-4.041154, -8.960470	-6.045550, -2.837394	
-10.569877, -0.811037	-13.642391, -6.825054	-17.164399, -7.500648	-17.180998, 2.832028	-17.106122, 2.834303	-10.681956, -0.591301	
-4.715304, -2.422269	-2.881471, -8.598571	1.339437, -5.847047	1.512802, -3.059990	-1.528720, -1.148812	
-2.237438, -9.697143	2.225211, -7.357976	6.173116, -9.697787	1.681195, -16.150947	-2.661249, -10.576353	
-9.975361, 0.761199	-16.456484, 4.077781	-12.107469, 8.488518	-7.232338, 7.664845	-7.144806, 7.418768	
-8.784313, 0.059943	-5.367120, -0.971195	-2.298605, 0.565109	-1.400146, 4.495418	-5.898124, 6.870871	-8.888485, 0.283535	
11.122427, -11.443535	8.654665, -10.169180	7.275937, -10.504390	2.487036, -16.740339	2.519878, -17.049599	10.740554, -16.865696	11.862890, -13.176380	
6.224761, -1.317624	3.292069, -3.171703	3.115470, -5.958557	6.907853, -8.542838	8.314312, -8.355409	8.606122, -3.119425	
5.353263, 2.416391	1.711051, 4.871326	0.087879, 4.182281	-0.673888, 0.223207	2.382147, -1.664677	5.388606, 0.067226	
-14.291953, 12.734199	-13.426821, 9.648833	-17.245842, 4.771988	-17.320270, 4.763498	-17.167466, 12.740040	
-10.501466, 16.517768	-7.249655, 16.626596	-5.614631, 13.072328	-6.968683, 8.893593	-11.752573, 10.142483	-12.699743, 13.203660	
0.700809, 12.143902	2.136002, 10.157371	0.953838, 6.653663	-0.668940, 5.963690	-5.275010, 8.122092	-5.371355, 8.364855	-3.964724, 12.526184	
11.996589, -9.790592	9.554225, -8.468215	10.212117, -3.265537	14.082097, -1.899218	16.628882, -3.033262	16.500641, -5.190528	
9.990510, 4.577197	7.255765, 2.420241	7.229929, 0.070952	9.685360, -1.628527	13.625927, -0.481571	12.406213, 3.778916	
13.485061, -13.636173	17.165646, -14.515041	16.628647, -17.009344	12.504578, -17.365696	
8.927756, 5.909608	8.029310, 9.953524	3.754237, 9.600632	2.530483, 6.111232	6.216725, 3.722920	
-16.563539, 17.149227	-17.081225, 14.591221	-14.217624, 14.329693	-11.683576, 17.394711	
17.464442, -6.154089	17.449304, -12.573879	13.671135, -12.362811	12.865501, -10.659288	
2.191154, 17.308176	-5.771088, 17.370426	-3.891805, 13.939038	0.788294, 13.838981	
2.236081, 13.232582	3.635980, 11.221024	7.916992, 11.492554	8.928519, 12.797075	8.108639, 16.795474	3.724351, 16.666003	
10.548582, 6.302558	9.495330, 10.308943	10.464287, 11.645389	16.668305, 11.276086	16.511354, 8.061415	12.974191, 5.534902	
13.994502, 4.190803	17.378941, 6.918505	17.396906, -1.547517	14.998982, -0.125501	
10.584560, 13.139950	16.767796, 12.512404	16.576701, 17.115917	9.749398, 17.135185	
