NumRegions = 25
-22.431145, -22.427481	-22.438247, -10.933494	-17.065330, -10.067288	-10.755212, -15.233800	-13.296878, -22.422236	
-13.136252, -22.478931	1.993244, -22.483802	1.922520, -22.032423	-4.731538, -13.732824	-10.602501, -15.287701	
-12.347061, -0.711467	-16.962671, -9.941853	-10.650459, -15.105808	-4.776086, -13.563867	-4.227649, -12.205194	-7.237573, -2.590063	
-12.471334, -0.649243	-17.096737, -9.874725	-22.466440, -10.760638	-22.468100, 4.764944	-22.357438, 4.772611	-12.635681, -0.313323	
-7.104549, -2.548550	-4.111681, -12.169004	2.741155, -8.123860	3.033558, -3.464138	-2.051271, -0.294436	
-4.047278, -12.278861	2.829733, -8.274953	9.101857, -12.247881	2.032753, -21.944203	-4.606809, -13.633003	
-12.565022, -0.178073	-22.292475, 4.896959	-15.974834, 12.027085	-8.240543, 10.389757	-8.097677, 10.008609	
-12.292777, -0.562145	-7.169730, -2.403443	-2.128259, -0.123044	-0.759396, 6.347866	-7.973009, 9.953820	-12.456334, -0.225839	
15.190438, -13.929849	11.374879, -11.915055	9.212139, -12.328541	2.113337, -22.003142	2.181206, -22.454960	14.725940, -22.436570	16.387915, -16.600081	
8.104401, -0.512695	3.211485, -3.475310	2.918759, -8.135011	9.175331, -12.132386	11.340844, -11.733678	12.080684, -3.398861	
8.009939, 3.474758	2.023780, 7.435692	-0.610594, 6.316552	-1.965787, -0.157234	3.120493, -3.324607	8.020786, -0.374210	
-17.618458, 17.285232	-16.106769, 12.143116	-22.371410, 4.966379	-22.482027, 4.958091	-22.466747, 17.498288	
-17.459237, 17.332178	-15.939344, 12.192481	-8.214177, 10.512631	-6.056266, 17.040528	-8.743546, 22.412660	-13.724406, 22.401777	
1.579228, 16.586203	3.905305, 13.309674	1.948058, 7.613925	-0.686276, 6.494693	-7.910698, 10.078942	-8.054445, 10.459758	-5.891275, 16.985914	
15.277854, -13.764554	11.464835, -11.744958	12.241284, -3.413472	18.588521, -1.358958	22.412888, -3.317636	22.400064, -6.631079	
12.699930, 7.061781	8.200189, 3.475143	8.204918, -0.373837	12.188608, -3.249771	18.542904, -1.217193	16.722290, 5.759046	
16.550132, -16.646060	22.466565, -17.544722	22.412865, -22.450934	14.902343, -22.486570	
12.593654, 7.195022	11.009107, 13.764716	4.067128, 13.254001	2.105723, 7.559682	8.096285, 3.605411	
-22.406354, 22.464923	-22.458122, 17.683406	-17.611025, 17.444782	-13.842617, 22.489471	
22.496444, -6.727435	22.494930, -17.350606	16.568740, -16.518724	15.364745, -13.851424	
3.980892, 22.480818	-8.595689, 22.487043	-5.883983, 17.127199	1.587976, 16.755711	
1.732755, 16.695071	4.055303, 13.416040	10.997875, 13.918619	12.589656, 16.036815	11.266869, 22.429547	4.134212, 22.416600	
12.755737, 7.234317	11.155709, 13.800258	12.743233, 15.921647	22.416830, 15.156172	22.401135, 10.186505	16.779088, 5.934644	
16.881119, 5.800234	22.487894, 10.072214	22.489691, -3.169061	18.680209, -1.181586	
12.755260, 16.071103	22.426780, 15.279804	22.407670, 22.461592	11.430945, 22.463519	
