NumRegions = 25
-12.431145, -12.427481	-12.438247, -6.109121	-9.483403, -5.637302	-6.017734, -8.475838	-7.415098, -12.422236	
-7.254471, -12.478931	1.063500, -12.483802	1.023901, -12.235262	-2.639642, -7.672406	-5.865023, -8.529739	
-6.846172, -0.437665	-9.380745, -5.511868	-5.912982, -8.347846	-2.684190, -7.503449	-2.384982, -6.755003	-4.040938, -1.478582	
-6.970444, -0.375441	-9.514810, -5.444740	-12.466440, -5.936266	-12.468100, 2.605069	-12.407161, 2.609150	-7.060989, -0.190820	
-3.907913, -1.437069	-2.269014, -6.718813	1.484668, -4.490532	1.644509, -1.942143	-1.136380, -0.207903	
-2.204611, -6.828670	1.573245, -4.641625	5.012920, -6.812651	1.134134, -12.147042	-2.514913, -7.572585	
-6.990330, -0.055570	-12.342197, 2.733498	-8.859611, 6.639985	-4.617743, 5.752035	-4.539510, 5.542714	
-6.791888, -0.288343	-3.973095, -1.291962	-1.213368, -0.036511	-0.460899, 3.505300	-4.414842, 5.487924	-6.881642, -0.103337	
8.405765, -7.768164	6.310102, -6.662941	5.123202, -6.893311	1.214719, -12.205982	1.251462, -12.454960	8.146719, -12.436570	9.061830, -9.235048	
4.498654, -0.329113	1.822435, -1.953315	1.662271, -4.501683	5.086393, -6.697156	6.276067, -6.481563	6.673421, -1.911189	
4.407716, 1.916628	1.130925, 4.086989	-0.312097, 3.473986	-1.050896, -0.070702	1.731443, -1.802612	4.415039, -0.190628	
-9.816404, 9.568696	-8.991546, 6.756016	-12.421133, 2.802919	-12.482027, 2.798216	-12.466747, 9.679356	
-9.657183, 9.615642	-8.824121, 6.805381	-4.591378, 5.874910	-3.408168, 9.458217	-4.879170, 12.412660	-7.616329, 12.401777	
0.851928, 9.178100	2.126170, 7.384885	1.055203, 4.265222	-0.387779, 3.652127	-4.352531, 5.613047	-4.431645, 5.822036	-3.243177, 9.403603	
8.493182, -7.602870	6.400058, -6.492844	6.834020, -1.925801	10.308853, -0.795567	12.412888, -1.864956	12.400064, -3.685524	
7.060952, 3.879101	4.597966, 1.917013	4.599171, -0.190255	6.781344, -1.762100	10.263236, -0.653802	9.261245, 3.165718	
9.224047, -9.281028	12.466565, -9.788954	12.412865, -12.450934	8.323121, -12.486570	
6.954677, 4.012342	6.090468, 7.610806	2.287994, 7.329211	1.212868, 4.210979	4.494062, 2.047281	
-12.406354, 12.464923	-12.458122, 9.864474	-9.808971, 9.728246	-7.734540, 12.489471	
12.496444, -3.781880	12.494930, -9.594838	9.242655, -9.153691	8.580073, -7.689740	
2.167988, 12.480818	-4.731313, 12.487043	-3.235886, 9.544888	0.860677, 9.347608	
1.005455, 9.286968	2.276168, 7.491251	6.079236, 7.764709	6.952642, 8.924956	6.227831, 12.429547	2.321308, 12.416600	
7.116759, 4.051637	6.237070, 7.646348	7.106219, 8.809788	12.416830, 8.395419	12.401135, 5.665848	9.318043, 3.341317	
9.420074, 3.206907	12.487894, 5.551557	12.489691, -1.716382	10.400541, -0.618195	
7.118246, 8.959244	12.426780, 8.519050	12.407670, 12.461592	6.391906, 12.463519	
