-2203683.827426  -1298112.480027  -1997514.354388 
-1762947.061941  -1297729.892051  -1996853.782578 
-1322210.296456  -1297210.663226  -1995864.604624 
-881473.5309705  -1296474.46065  -1994266.175893 
-440736.7654852  -1295358.175938  -1991345.679625 
            0  -1293109.062732  -1980577.887396 
22036.83827426  -1292739.814335  -1975196.014252 
44073.67654852  -1291904.397919  -1953048.792096 
66110.51482279  -1288217.529614  -1740681.271124 
88147.35309705  -1283238.594281  -1347197.145105 
110184.1913713  -1278907.05167  -1002640.991867 
132221.0296456  -1274392.574723  -661476.3306666 
154257.8679198  -1271063.967218  -282427.2949339 
176294.7061941  -1271109.580118  318421.4499216 
198331.5444684  -1271377.507222  734963.3612423 
220368.3827426  -1271955.379586  1095250.916628 
242405.2210169  -1273475.848663  1475258.722794 
264442.0592911  -1279229.278066  1844574.232199 
286478.8975654  -1282905.007205  1948611.697797 
308515.7358397  -1283783.351132  1968310.606551 
330552.5741139  -1283902.224314  1975263.15455 
352589.4123882  -1283718.351206  1978710.58329 
374626.2506625  -1283367.338567  1980770.086466 
396663.0889367  -1282901.293538  1982163.040021 
418699.927211  -1282346.425044  1983194.762611 
440736.7654852  -1281717.497438  1984013.943866 
462773.6037595  -1281008.26726  1984679.879551 
484810.4420338  -1280229.013612  1985257.308185 
506847.280308  -1279368.075938  1985761.502815 
528884.1185823  -1278420.402417  1986214.158172 
550920.9568566  -1277375.27511  1986624.80242 
572957.7951308  -1276241.50919  1987002.442778 
594994.6334051  -1274985.615886  1987350.898711 
617031.4716793  -1273599.059675  1987676.550857 
639068.3099536  -1272054.982474  1987982.784288 
661105.1482279  -1270361.621323  1988269.80932 
683141.9865021  -1268446.997093  1988542.693394 
705178.8247764  -1266305.22696  1988800.932864 
727215.6630507  -1263864.617318  1989047.360455 
749252.5013249  -1261042.646242  1989282.938537 
771289.3395992  -1257802.791642  1989507.07938 
793326.1778734  -1253970.904634  1989721.123436 
815363.0161477  -1249361.088784  1989924.869262 
837399.854422  -1243726.593488  1990118.088195 
859436.6926962  -1236547.080969  1990299.694717 
881473.5309705  -1226797.353027  1990467.142108 
903510.3692448  -1211959.979391  1990612.940973 
925547.207519  -1173476.233702  1990677.997626 
947584.0457933  1296603.388608  1994561.770507 
969620.8840675  1296645.106311  1994657.17044 
991657.7223418  1296685.655169  1994749.666797 
1013694.560616  1296725.419212  1994838.531549 
1035731.39889  1296764.419882  1994925.217151 
1057768.237165  1296802.669814  1995009.073435 
1079805.075439  1296840.202757   1995090.8182 
1101841.913713  1296877.025632  1995169.878373 
1123878.751987  1296913.195936  1995248.214411 
1145915.590262  1296948.687257  1995323.647281 
1167952.428536  1296983.512722  1995396.359447 
1189989.26681  1297017.741553  1995468.757375 
1212026.105084  1297051.335261  1995538.387341 
1234062.943359  1297084.346081  1995606.950734 
1256099.781633  1297116.759038  1995672.973401 
1278136.619907  1297148.610614  1995738.421265 
1300173.458181  1297179.91505  1995801.923702 
1322210.296456  1297210.666935  1995863.564921 
1344247.13473  1297240.900417  1995924.600091 
1366283.973004  1297270.615861  1995983.705661 
1388320.811279  1297299.836033  1996041.418815 
1410357.649553  1297328.550493  1996098.123522 
1432394.487827  1297356.79609  1996153.067657 
1454431.326101  1297384.573928  1996207.090152 
1476468.164376  1297411.906458  1996261.724673 
1498505.00265  1297438.79058  1996313.506746 
1520541.840924  1297465.209152  1996363.494989 
1542578.679198  1297491.225308  1996412.846138 
1564615.517473  1297516.809874  1996461.156186 
1586652.355747  1297541.995933  1996508.388788 
1608689.194021  1297566.781864  1996554.914509 
1630726.032295  1297591.187077  1996600.209829 
1652762.87057  1297615.21308  1996644.473805 
1674799.708844  1297638.853234  1996688.045338 
1696836.547118  1297662.140514  1996730.608284 
1718873.385392  1297685.061841  1996772.440199 
1740910.223667  1297707.634208  1996813.418041 
1762947.061941  1297729.866514  1996853.50444 
1784983.900215  1297751.763234  1996892.687473 
1807020.73849  1297773.332674  1996931.22073 
1829057.576764  1297794.58361   1996968.9676 
1851094.415038  1297815.516627  1997006.058606 
1873131.253312  1297836.141734  1997042.417557 
1895168.091587  1297856.466508  1997077.95741 
1917204.929861  1297876.497647  1997112.967214 
1939241.768135  1297896.227195  1997147.40857 
1961278.606409  1297915.682584  1997181.158452 
1983315.444684  1297934.859516  1997214.222913 
2005352.282958  1297953.760452  1997246.705164 
2027389.121232  1297972.397976  1997278.565851 
2049425.959506  1297990.751464  1997310.859463 
2071462.797781  1298008.873305  1997341.712254 
2093499.636055  1298026.718102  1997371.635961 
2115536.474329  1298044.332221  1997401.344165 
2137573.312603  1298061.703083  1997430.449778 
2159610.150878  1298078.835916  1997459.055765 
2181646.989152  1298095.738969  1997487.230962 
2203683.827426  1298112.406684  1997514.906665 
