-2203683.827426  -1299448.458487  -1999462.400796 
-1765176.890575  -1299349.732419  -1999393.076159 
-1324635.041478  -1299217.659205  -1999308.90618 
-884111.8879439  -1299034.307752  -1999204.767131 
-443615.6244091  -1298764.130987  -1999072.547887 
-3151.010073696  -1298337.784516  -1998892.611221 
18578.03678199  -1298309.461888  -1998882.734305 
40600.40084241  -1298281.283567  -1998871.568157 
62621.04564186  -1298251.70918  -1998859.799026 
84641.55845815  -1298221.371648  -1998847.61117 
106661.9161693  -1298190.214124  -1998834.944231 
128682.0890307  -1298157.926187  -1998821.990672 
150702.4276738  -1298124.659659  -1998808.615269 
172722.6332484  -1298091.282255  -1998793.53466 
194742.2065578  -1298055.490925  -1998778.610278 
216762.1304396  -1298019.110239  -1998762.714868 
238781.9725504  -1297981.172464  -1998746.063572 
260801.7097567  -1297941.792079  -1998728.531291 
282821.3919477  -1297901.631263  -1998708.401299 
304841.0983565  -1297859.265171  -1998687.26755 
326860.6354286  -1297815.430685  -1998662.684091 
348880.2420273  -1297769.632691  -1998637.938804 
370899.641262  -1297721.25638  -1998605.559587 
392919.2490336  -1297671.214681  -1998572.127985 
414938.5953312  -1297617.438107  -1998528.940607 
436958.1056268  -1297561.078788  -1998478.511731 
458977.6960977  -1297502.141142  -1998420.623169 
480997.1360413  -1297437.425128  -1998336.748282 
503016.9654717  -1297369.497861  -1998238.240139 
525036.7118792  -1297293.678809  -1998094.523549 
547057.706992  -1297208.506805  -1997882.230396 
569078.7913865  -1297110.297103  -1997550.891345 
591101.8276725  -1296991.359426  -1996988.798843 
613128.5126884  -1296834.171726  -1995880.250744 
635159.6758334  -1296592.763882  -1993185.077947 
657207.3863549  -1296025.382487  -1981501.550181 
679337.5579297  -1293148.786907  1997693.738749 
753536.7474999  -1292883.324007  1997711.342813 
775480.7241227  -1292605.214509  1997727.868932 
797114.0959874  -1292311.585622  1997744.179887 
818750.2016334  -1292005.564336  1997760.251995 
840389.9271322  -1291671.798497  1997776.112394 
862032.7892836  -1291315.305802  1997791.750924 
883678.9956101  -1290934.089894  1997807.168656 
905328.3835324  -1290526.576737  1997822.366876 
926980.6329781  -1290087.411597  1997837.344369 
948636.4283556  -1289614.985136  1997852.101491 
970294.1576511  -1289115.379256  1997866.647127 
991955.6420421  -1288564.336627   1997880.9582 
1013619.341282  -1287969.059147  1997895.044236 
1035285.966131  -1287320.173928  1997908.897868 
1056954.08444  -1286627.385041  1997922.535877 
1078625.303487  -1285855.382796  1997935.911598 
1100298.142756  -1285034.155219  1997949.073768 
1121973.214293  -1284089.994058  1997961.925099 
1143650.231567  -1283087.416698  1997974.54968 
1165328.154896  -1281971.296081  1997986.906179 
1187007.947364  -1280711.821429  1997998.926584 
1208688.549986  -1279305.543634  1998010.631551 
1230370.046963  -1277720.144431  1998021.972682 
1252050.00906  -1275951.719465  1998032.972745 
1273731.165301  -1273871.277741  1998043.434693 
1295410.200041  -1271521.649196    1998053.457 
1317087.266942  -1268789.170063  1998062.902089 
1338760.171094  -1265510.740644  1998071.549229 
1360429.147986  -1261553.435901  1998079.264892 
1382089.547599  -1256694.25783  1998085.774496 
1403736.930808  -1250370.982838  1998090.403069 
1425363.451741  -1241637.70719  1998091.978024 
1446955.471039  -1227603.830705  1998086.917122 
1468461.640797  1299254.372106  1999331.549879 
1457013.654002  1299261.720505  1999335.987381 
1479039.93483  1299268.57691  1999340.331526 
1501065.918068  1299275.400616  1999344.636271 
1523091.929136  1299282.141457  1999348.895938 
1545118.07352  1299288.746402  1999353.121911 
1567144.241076  1299295.566109  1999357.369997 
1589170.897207  1299301.956673  1999361.49901 
1611197.172681  1299308.26826  1999365.600154 
1633223.540174  1299314.468288  1999369.635863 
1655249.933859  1299320.582305  1999373.647364 
1677276.415655  1299326.61323  1999377.61363 
1699302.957138  1299332.553414   1999381.5552 
1721329.570722  1299338.402806  1999385.452379 
1743356.234412  1299344.15903  1999389.302593 
1765382.947155  1299349.853378  1999393.124453 
1787409.744716  1299355.428862  1999396.895339 
1809436.565105  1299360.977768  1999400.656791 
1831463.507315  1299366.38876  1999404.352385 
1853490.437086  1299371.767985  1999408.032014 
1875517.461895  1299377.054744  1999411.674055 
1897544.538142  1299382.267351  1999415.276206 
1919571.679165  1299387.403188  1999418.845147 
1941598.871819  1299392.501775  1999422.391102 
1963626.162773  1299397.487824  1999425.889362 
1985653.475425  1299402.434484  1999429.368014 
2007680.851712  1299407.289962  1999432.806709 
2029708.250125  1299412.102935  1999436.221065 
2051735.748418  1299416.837559  1999439.597343 
2073763.28618  1299421.509749  1999442.942737 
2095790.880527  1299426.107799  1999446.238093 
2117818.529941  1299430.658914  1999449.536645 
2139846.22412  1299435.147307  1999452.777504 
2161873.990002  1299439.578821  1999456.016043 
2183901.793116  1299443.966518  1999459.220272 
2205929.683064  1299448.277329  1999462.384281 
