NumRegions = 25
-32.431145, -32.427481	-32.438247, -15.757866	-24.647257, -14.497273	-15.492689, -21.991762	-19.178659, -32.422236	
-19.018033, -32.478931	2.922988, -32.483802	2.821138, -31.829583	-6.823434, -19.793243	-15.339979, -22.045663	
-17.847951, -0.985270	-24.544598, -14.371839	-15.387937, -21.863770	-6.867982, -19.624286	-6.070316, -17.655385	-10.434209, -3.701544	
-17.972223, -0.923045	-24.678664, -14.304711	-32.466440, -15.585011	-32.468100, 6.924819	-32.307716, 6.936071	-18.210373, -0.435825	
-10.301184, -3.660031	-5.954348, -17.619195	3.997643, -11.757187	4.422608, -4.986133	-2.966161, -0.380968	
-5.889945, -17.729053	4.086220, -11.908280	13.190795, -17.683111	2.931372, -31.741364	-6.698705, -19.693422	
-18.139714, -0.300575	-32.242752, 7.060419	-23.090056, 17.414185	-11.863343, 15.027478	-11.655844, 14.474505	
-17.793667, -0.835947	-10.366366, -3.514924	-3.043150, -0.209576	-1.057894, 9.190431	-11.531176, 14.419715	-18.031026, -0.348342	
21.975110, -20.091533	16.439657, -17.167169	13.301077, -17.763771	3.011956, -31.800303	3.110950, -32.454960	21.305162, -32.436570	23.714000, -23.965114	
11.710148, -0.696277	4.600535, -4.997305	4.175246, -11.768338	13.264268, -17.567616	16.405621, -16.985792	17.487948, -4.886533	
11.612162, 5.032887	2.916635, 10.784395	-0.909091, 9.159118	-2.880678, -0.243766	4.509543, -4.846602	11.626533, -0.557792	
-25.420512, 25.001768	-23.221991, 17.530217	-32.321688, 7.129840	-32.482027, 7.117966	-32.466747, 25.317220	
-25.261291, 25.048714	-23.054566, 17.579582	-11.836977, 15.150353	-8.704364, 24.622839	-12.607922, 32.412660	-19.832483, 32.401777	
2.306527, 23.994305	5.684440, 19.234464	2.840914, 10.962629	-0.984773, 9.337259	-11.468865, 14.544837	-11.677244, 15.097479	-8.539373, 24.568225	
22.062526, -19.926239	16.529613, -16.997072	17.648547, -4.901144	26.868189, -1.922348	32.412888, -4.770315	32.400064, -9.576634	
18.338908, 10.244461	11.802412, 5.033272	11.810665, -0.557419	17.595872, -4.737443	26.822572, -1.780584	24.183336, 8.352373	
23.876217, -24.011093	32.466565, -25.300489	32.412865, -32.450934	21.481564, -32.486570	
18.232632, 10.377702	15.927746, 19.918626	5.846263, 19.178790	2.998578, 10.908385	11.698508, 5.163540	
-32.406354, 32.464923	-32.458122, 25.502339	-25.413079, 25.161318	-19.950694, 32.489471	
32.496444, -9.672990	32.494930, -25.106373	23.894825, -23.883757	22.149417, -20.013108	
5.793797, 32.480818	-12.460065, 32.487043	-8.532081, 24.709510	2.315276, 24.163813	
2.460055, 24.103173	5.834438, 19.340829	15.916515, 20.072529	18.226670, 23.148675	16.305908, 32.429547	5.947117, 32.416600	
18.394715, 10.416997	16.074348, 19.954168	18.380246, 23.033506	32.416830, 21.916925	32.401135, 14.707162	24.240134, 8.527972	
24.342165, 8.393562	32.487894, 14.592871	32.489691, -4.621740	26.959877, -1.744977	
18.392274, 23.182962	32.426780, 22.040557	32.407670, 32.461592	16.469984, 32.463519	
