-2203683.827426  -1298717.578685  -1998296.278714 
-1762947.061941  -1298489.441907  -1997938.815531 
-1322210.296456  -1298189.735506  -1997449.093231 
-881473.5309705  -1297781.249138  -1996747.387982 
-440736.7654852  -1297195.342104  -1995676.323376 
            0  -1296269.689302  -1993800.417185 
22036.83827426  -1296210.974289  -1993671.411025 
44073.67654852  -1296145.396841  -1993520.601163 
66110.51482279  -1296077.186682  -1993357.146308 
88147.35309705  -1296005.297633  -1993176.944748 
110184.1913713  -1295929.525219  -1992976.728094 
132221.0296456  -1295847.721112  -1992741.281007 
154257.8679198  -1295761.098029  -1992473.266794 
176294.7061941  -1295664.509853  -1992129.694878 
198331.5444684  -1295555.421165  -1991671.073592 
220368.3827426  -1295428.883972  -1991016.818143 
242405.2210169  -1295271.337108  -1989944.455026 
264442.0592911  -1295054.207334  -1987851.707793 
286478.8975654  -1294691.381898  -1982432.681713 
308515.7358397  -1293518.118659  -1948316.529316 
330552.5741139  -1291026.263601  1990201.964548 
352589.4123882  -1290728.977464  1990369.052841 
374626.2506625  -1290431.968808  1990544.14101 
396663.0889367  -1290125.03651  1990712.026972 
418699.927211  -1289792.487597  1990869.899376 
440736.7654852  -1289439.665598  1991021.528477 
462773.6037595  -1289062.296556  1991167.96531 
484810.4420338  -1288660.017435  1991309.616702 
506847.280308  -1288236.043595  1991446.584528 
528884.1185823  -1287782.575383  1991579.217181 
550920.9568566  -1287288.060079  1991708.20254 
572957.7951308  -1286760.38949  1991833.511588 
594994.6334051  -1286203.388346  1991954.97546 
617031.4716793  -1285589.776165  1992073.525344 
639068.3099536  -1284932.75371  1992188.798633 
661105.1482279  -1284230.56117  1992300.787147 
683141.9865021  -1283454.569278  1992410.283459 
705178.8247764  -1282623.541272  1992516.691006 
727215.6630507  -1281711.75304  1992620.567069 
749252.5013249  -1280715.132673  1992721.887497 
771289.3395992  -1279618.658825  1992820.740189 
793326.1778734  -1278398.130927  1992917.184846 
815363.0161477  -1277038.799377  1993011.287937 
837399.854422  -1275541.938694  1993102.984982 
859436.6926962  -1273864.865826  1993192.396082 
881473.5309705  -1271959.363221  1993279.518842 
903510.3692448  -1269805.393508  1993364.307485 
925547.207519  -1267329.333974  1993446.776984 
947584.0457933  -1264438.434232  1993526.790398 
969620.8840675  -1261030.646462  1993604.206024 
991657.7223418  -1256962.218399  1993678.87708 
1013694.560616  -1251975.886013  1993750.38514 
1035731.39889  -1245662.60473  1993818.050078 
1057768.237165  -1237211.365834  1993880.435056 
1079805.075439  -1224760.834549  1993934.050094 
1101841.913713  -1199715.9961  1993962.491931 
1123878.751987  1298022.392547  1997165.850751 
1145915.590262  1298042.305638  1997199.858718 
1167952.428536  1298061.780024  1997233.063978 
1189989.26681  1298080.923914  1997265.463958 
1212026.105084  1298099.784392  1997297.419651 
1234062.943359  1298118.353172  1997328.805117 
1256099.781633  1298136.625936  1997359.588662 
1278136.619907  1298154.773565  1997390.597596 
1300173.458181  1298172.344119  1997419.631338 
1322210.296456  1298189.919601  1997449.440506 
1344247.13473  1298207.078543  1997477.999558 
1366283.973004  1298223.985619  1997506.139519 
1388320.811279  1298240.633639  1997533.776657 
1410357.649553  1298257.02156  1997560.887862 
1432394.487827  1298273.217401  1997587.733339 
1454431.326101  1298289.104987  1997613.831938 
1476468.164376  1298304.789503  1997639.63071 
1498505.00265  1298320.245371  1997664.989112 
1520541.840924  1298335.477402  1997689.924534 
1542578.679198  1298350.495107  1997714.456224 
1564615.517473  1298365.325516  1997738.708575 
1586652.355747  1298379.893415  1997762.378488 
1608689.194021  1298394.258849  1997785.62325 
1630726.032295  1298408.456838  1997808.664393 
1652762.87057  1298422.433419  1997831.225663 
1674799.708844  1298436.218335  1997853.450349 
1696836.547118  1298449.787045  1997875.217078 
1718873.385392  1298463.210037  1997896.740478 
1740910.223667  1298476.429809  1997917.963372 
1762947.061941  1298489.465297  1997938.744682 
1784983.900215  1298502.335438  1997959.285444 
1807020.73849  1298515.032735  1997979.508807 
1829057.576764  1298527.560212  1997999.422053 
1851094.415038  1298539.921113  1998019.031804 
1873131.253312  1298552.127229  1998038.380506 
1895168.091587  1298564.165335  1998057.40468 
1917204.929861  1298576.049111  1998076.151991 
1939241.768135  1298587.765755  1998094.564125 
1961278.606409  1298599.337585  1998112.772133 
1983315.444684  1298610.765857  1998130.654811 
2005352.282958  1298622.04289  1998148.305412 
2027389.121232  1298633.176329  1998165.700361 
2049425.959506  1298644.168477  1998182.842873 
2071462.797781  1298655.020783  1998199.738162 
2093499.636055  1298665.737584  1998216.390603 
2115536.474329  1298676.320609  1998232.805809 
2137573.312603  1298686.772075  1998248.988106 
2159610.150878  1298697.095888  1998264.96101 
2181646.989152  1298707.291045  1998280.689898 
2203683.827426  1298717.365136  1998296.200725 
