NumRegions = 49
-14.901242, -14.984291	-14.958455, -11.940566	-12.840709, -12.088852	-11.065544, -14.992101	
-10.927782, -14.907532	-7.161928, -14.934099	-7.535259, -10.581137	-8.545968, -9.469336	-9.859532, -9.173764	-12.713230, -12.010595	
-12.827959, -11.894484	-14.946929, -11.764849	-14.945362, -6.570005	-11.895304, -6.126837	-9.957187, -9.074934	
-7.023343, -14.922643	-2.731531, -14.917519	-1.085938, -11.750504	-1.656473, -10.393327	-2.602274, -9.843923	-7.369871, -10.567465	
-8.502984, -9.278453	-6.272063, -6.100001	-7.521007, -3.236894	-10.696329, -3.616297	-11.753114, -6.033410	-9.816455, -8.982465	
-14.971028, -6.390540	-11.919019, -5.961014	-10.865626, -3.542420	-11.971758, -1.614011	-14.969362, -0.756640	
-7.388293, -10.446174	-2.620865, -9.721518	-3.886001, -6.490933	-6.132982, -6.199148	-8.410162, -9.344622	
-6.110760, -6.028409	-7.396149, -3.181477	-6.476913, -2.086501	-4.179709, -1.961800	-2.197268, -4.181896	-3.863949, -6.321510	
-10.715793, -3.457526	-7.542855, -3.058677	-6.626774, -1.961060	-7.779013, 2.165856	-9.990493, 1.906541	-11.801483, -1.517533	
-2.502401, -9.676027	-3.724724, -6.429001	-2.076534, -4.275111	0.913273, -4.176554	1.407327, -6.287979	-1.568203, -10.244936	
-2.574999, -14.998645	3.940965, -14.998477	3.792764, -13.594745	2.762727, -12.479079	-0.936076, -11.828172	
-14.923706, -0.596802	-14.910123, 2.315615	-12.144385, 3.691945	-10.119446, 1.974626	-11.925498, -1.452056	
-0.909993, -11.677112	2.792913, -12.304260	4.278773, -8.174583	1.517002, -6.370766	-1.473003, -10.316797	
-4.191123, -1.771265	-6.486785, -1.921719	-7.653021, 2.201264	-6.235882, 3.748236	-3.444580, 3.646069	-2.547732, 0.960585	
2.003682, -2.275592	0.909875, -4.034290	-2.081228, -4.078618	-4.056418, -1.852068	-2.419937, 0.883927	1.324641, -0.676378	
-12.189521, 6.287984	-12.212435, 3.828996	-14.980601, 2.457557	-14.978560, 6.956218	
-10.070537, 8.174064	-7.961713, 7.246389	-6.366439, 3.868959	-7.797923, 2.335251	-10.012146, 2.100512	-12.028544, 3.827851	-12.020839, 6.286934	
4.410395, -8.222245	6.842229, -7.715249	8.335725, -10.339763	7.977729, -11.665625	3.933085, -13.465730	2.907669, -12.345815	
4.371853, -8.031304	6.809941, -7.555288	7.909720, -5.191624	7.306254, -3.135312	6.295322, -2.237400	2.162919, -2.374193	1.076060, -4.137194	1.601243, -6.241092	
3.981021, -13.574255	8.035696, -11.796860	9.953412, -14.975930	4.138273, -14.977002	
2.485434, 3.208162	1.373475, -0.560278	-2.360556, 1.025101	-3.308884, 3.692841	-2.954112, 4.026702	1.423579, 4.624542	
-10.179821, 8.288526	-12.155150, 6.427609	-14.935668, 7.130452	-14.952474, 11.422512	-14.046575, 11.596960	-10.393032, 9.102857	
-6.228987, 3.933371	-3.437818, 3.827630	-3.088544, 4.167237	-2.541471, 9.764364	-2.714243, 9.930539	-4.112030, 10.133332	-7.803687, 7.320443	
5.958273, 3.095035	2.636203, 3.163328	1.508355, -0.600386	2.157432, -2.211995	6.289631, -2.069192	6.898515, 1.927646	
8.169545, -11.716474	10.074827, -14.903011	11.202408, -14.901063	13.223497, -12.169336	11.945133, -9.905180	8.515364, -10.387384	
1.402413, 4.776567	-2.972098, 4.155887	-2.427992, 9.753302	1.418236, 9.139857	2.219109, 8.218571	
6.982138, -7.634934	8.071170, -5.266299	12.102768, -6.048968	12.987720, -7.405678	11.922231, -9.745701	8.495366, -10.248120	
-10.001156, 8.333788	-7.883822, 7.425705	-4.189783, 10.235465	-6.321520, 12.628578	-8.572558, 12.489175	-10.201372, 9.151410	
-10.320457, 9.208821	-8.723583, 12.561984	-10.451614, 14.903483	-11.844887, 14.903071	-13.966343, 11.714105	
6.645353, 5.971829	5.961580, 3.255102	2.639525, 3.324108	1.572684, 4.736736	2.367533, 8.183850	4.558372, 8.186810	
13.396421, -2.945529	11.760269, -0.906046	7.485126, -3.082479	8.095768, -5.136672	12.133825, -5.885306	
7.069445, 1.900844	6.425761, -2.090537	7.436727, -2.988411	11.692995, -0.775295	11.991688, 1.162262	10.524869, 2.421282	
14.910512, -14.955370	11.315914, -14.985652	13.355885, -12.267996	14.964695, -12.410584	
-14.085340, 11.793147	-11.968363, 14.985089	-14.939283, 14.920543	-14.989509, 11.609944	
13.135040, -7.471901	12.092200, -9.822105	13.371497, -12.085734	14.981121, -12.218822	14.981758, -7.589411	
-6.185780, 12.748094	-4.081821, 10.330524	-2.687430, 10.105561	-1.307670, 14.948376	-5.304018, 14.928617	
6.820304, 5.926887	6.110068, 3.216958	7.047165, 2.047042	10.500758, 2.579499	10.762398, 6.206534	9.657484, 6.861427	
-10.325492, 14.997142	-5.473982, 14.996302	-6.332589, 12.806557	-8.583553, 12.665972	
1.444582, 9.306641	-2.403457, 9.908622	-2.577109, 10.073877	-1.176826, 14.910798	2.127813, 14.919925	2.740923, 13.655301	
14.991783, -2.898199	14.992734, -7.391353	13.144338, -7.304100	12.266468, -5.942797	13.548550, -3.011465	
6.767800, 6.087944	9.610660, 7.005063	9.022820, 10.296819	7.246739, 11.245284	4.666636, 8.289476	
4.556414, 8.385936	2.365940, 8.345799	1.568022, 9.269644	2.877225, 13.614450	6.803271, 12.310227	7.144032, 11.335167	
13.533468, -2.834998	11.886747, -0.804039	12.163448, 1.136780	14.981173, 2.123603	14.974990, -2.701715	
10.652625, 2.568719	12.107566, 1.295991	14.923921, 2.286715	14.906853, 4.961625	12.455410, 6.606142	10.905965, 6.196343	
9.759084, 7.031450	10.859269, 6.368643	12.403601, 6.797306	14.205474, 10.500587	12.498562, 11.772514	9.176339, 10.324112	
6.847757, 12.444412	8.072313, 14.998643	2.287707, 14.998964	2.920138, 13.743891	
9.113603, 10.468951	12.442696, 11.901493	11.994384, 14.933662	8.233299, 14.920757	6.990587, 12.375310	7.327823, 11.399026	
12.539344, 6.731849	14.315099, 10.447724	14.998407, 10.453061	14.997899, 5.097984	
14.313035, 10.643947	14.996304, 10.652980	14.990983, 14.900407	12.160120, 14.958337	12.614528, 11.927075	
