NumPoints = 221
0.130041 0.482786
0.169061 0.567949
0.101941 0.567165
0.156022 0.430277
0.0729868 0.439785
0.215875 0.532353
0.0256784 0.480567
0.127223 0.380218
0.215409 0.443925
0.0307498 0.541396
0.271536 0.475495
0.186586 0.363304
0.28437 0.408662
0.271664 0.343451
0.330587 0.444866
0.275957 0.534805
0.126317 0.29061
0.188148 0.269895
0.244685 0.291519
0.0836488 0.336602
0.176137 0.629799
0.0593588 0.65963
0.00971031 0.605452
0.13234 0.678055
0.248058 0.61916
0.324598 0.56792
0.327138 0.504047
0.384669 0.470913
0.0444412 0.384877
0.301557 0.665874
0.408731 0.5943
0.400332 0.65235
0.397985 0.534835
0.343517 0.623849
0.229754 0.208722
0.117725 0.23051
0.154881 0.171672
0.298659 0.24949
0.360184 0.359279
0.429593 0.406545
0.217855 0.697014
0.175888 0.742203
0.201334 0.118297
0.262777 0.160897
0.328558 0.183031
0.323513 0.731983
0.201611 0.810826
0.253073 0.755959
0.110743 0.734687
0.337929 0.0992207
0.289209 0.0622028
0.223084 0.0569384
0.37715 0.145245
0.299812 0.810957
0.433388 0.701599
0.375386 0.810062
0.382642 0.732374
0.429338 0.767543
0.32096 0.304595
0.367071 0.038214
0.286121 0.00230373
0.395283 0.0900277
0.246627 0.848649
0.0432667 0.723225
0.111394 0.814894
0.0452076 0.807943
0.0379365 0.89677
0.162543 0.875093
0.0980982 0.895956
0.00348821 0.849708
0.0273191 0.272513
0.0132042 0.184696
0.0949547 0.119456
0.0764633 0.190084
0.000652388 0.662482
0.118573 0.0227579
0.0432249 0.0811446
0.155646 0.0763924
0.00198813 0.122668
0.0368349 0.0219081
0.00282376 0.767987
0.00231505 0.329602
0.000605378 0.428429
0.436599 0.291727
0.362614 0.250855
0.466511 0.360333
0.00184243 0.964885
0.0817694 0.953463
0.1392 0.942965
0.323103 0.90944
0.27195 0.948762
0.19951 0.926692
0.422985 0.181974
0.471921 0.213704
0.427097 0.918654
0.373543 0.873715
0.392255 0.981796
0.326617 0.977022
0.464348 0.0757992
0.528088 0.195959
0.485274 0.152563
0.222398 0.988343
0.162939 0.998708
0.448657 0.844729
0.485582 0.797746
0.4873 0.723855
0.54621 0.264646
0.534841 0.120552
0.584144 0.210831
0.1951 0.00372884
0.512294 0.886187
0.547767 0.810079
0.47 0.957746
0.41975 0.00563852
0.449398 0.499907
0.496115 0.457965
0.458175 0.558687
0.577309 0.738582
0.551121 0.432671
0.55277 0.547693
0.596624 0.480141
0.530389 0.365675
0.500792 0.0192377
0.503471 0.600852
0.655734 0.571329
0.666939 0.499712
0.679188 0.415327
0.594524 0.378007
0.593663 0.594489
0.492276 0.662638
0.594681 0.653946
0.710595 0.646683
0.746032 0.548267
0.651056 0.637621
0.720728 0.478514
0.759002 0.606572
0.618695 0.260319
0.595301 0.128226
0.50171 0.306268
0.641273 0.18691
0.625389 0.321497
0.571635 0.928883
0.546656 0.997787
0.60468 0.995797
0.644237 0.949766
0.744234 0.416864
0.718193 0.992646
0.610277 0.804637
0.688277 0.721743
0.635033 0.752183
0.671472 0.805125
0.802279 0.709655
0.736092 0.818092
0.752528 0.739976
0.680637 0.26335
0.664202 0.131747
0.697295 0.206784
0.673552 0.871843
0.581136 0.865731
0.694108 0.358987
0.567458 0.318854
0.739391 0.310276
0.744798 0.151449
0.637283 0.0779435
0.712467 0.0974951
0.829181 0.611557
0.796027 0.49951
0.84279 0.540111
0.782008 0.221314
0.543424 0.689757
0.822059 0.825765
0.862123 0.760265
0.837272 0.282393
0.814502 0.347178
0.801819 0.406888
0.584582 0.046716
0.757096 0.878742
0.699658 0.925866
0.842157 0.187346
0.874768 0.237799
0.811022 0.129681
0.890825 0.356622
0.908065 0.295025
0.897509 0.426444
0.937002 0.234061
0.89793 0.161145
0.967465 0.28584
0.966549 0.178731
0.845266 0.886842
0.916398 0.824661
0.795181 0.935444
0.912848 0.886009
0.690723 0.00839527
0.791943 0.0688523
0.749989 0.0240223
0.945865 0.101521
0.998196 0.234852
0.938165 0.52479
0.882198 0.482409
0.893469 0.613366
0.947932 0.343962
0.98008 0.392817
0.990701 0.490384
0.825503 0.98776
0.901275 0.986612
0.943803 0.943986
0.62626 0.00363839
0.896222 0.684434
0.802455 0.769165
0.981653 0.995115
0.993902 0.903328
0.876834 0.0677564
0.838643 0.0203538
0.976855 0.802372
0.930753 0.735306
0.990601 0.742078
0.949809 0.658852
0.952138 0.585247
0.863497 0.941881
0.997715 0.621595
0.944477 0.0357193