NumPoints = 35
0.536885 0.8795
0.405053 0.702587
0.681331 0.979377
0.702057 0.668592
0.33832 0.87579
0.778698 0.85392
0.518022 0.587664
0.930397 0.665014
0.970468 0.866856
0.734065 0.490418
0.292689 0.389822
0.204776 0.604913
0.463921 0.337921
0.668236 0.338486
0.361379 0.53794
0.110553 0.446703
0.041714 0.735103
0.201539 0.795088
0.145166 0.167682
0.0260722 0.282983
0.955907 0.498433
0.7945 0.175713
0.618891 0.0911402
0.84145 0.370916
0.438706 0.170625
0.952684 0.257769
0.211194 0.979328
0.0298301 0.924398
0.0200923 0.052325
0.389144 0.0117383
0.197957 0.00657956
0.925254 0.0798658
0.871915 0.994477
0.0142499 0.574428
0.763099 0.00915967