-2203683.827426  -1299448.793094  -1999462.296966 
-1762947.061941  -1299346.625998  -1999393.120857 
-1322210.296456  -1299214.102826  -1999308.972736 
-881473.5309705  -1299030.087794  -1999204.93926 
-440736.7654852  -1298758.054751  -1999072.984439 
            0  -1298328.934563  -1998896.597681 
22036.83827426  -1298313.364889  -1998883.032716 
44073.67654852  -1298283.583972  -1998870.982879 
66110.51482279  -1298252.977602  -1998859.235564 
88147.35309705  -1298223.019314  -1998847.484035 
110184.1913713  -1298192.263136  -1998835.506239 
132221.0296456  -1298160.540752  -1998823.152824 
154257.8679198  -1298128.084356  -1998810.360739 
176294.7061941  -1298093.742687  -1998796.910913 
198331.5444684  -1298057.767804  -1998782.592087 
220368.3827426  -1298023.738111  -1998768.066804 
242405.2210169  -1297987.215472  -1998752.992578 
264442.0592911  -1297946.016731  -1998736.32289 
286478.8975654  -1297906.759669  -1998718.890736 
308515.7358397  -1297865.580379  -1998700.377029 
330552.5741139  -1297822.906373  -1998680.702425 
352589.4123882  -1297772.067908  -1998655.027526 
374626.2506625  -1297725.500716  -1998627.290562 
396663.0889367  -1297676.156215  -1998597.647654 
418699.927211  -1297624.490946  -1998564.678532 
440736.7654852  -1297571.889478  -1998529.290852 
462773.6037595  -1297516.345399  -1998489.372169 
484810.4420338  -1297453.496053  -1998425.730631 
506847.280308  -1297389.049091  -1998353.291218 
528884.1185823  -1297317.664088  -1998235.497647 
550920.9568566  -1297236.968719  -1998064.96719 
572957.7951308  -1297145.964366  -1997817.782148 
594994.6334051  -1297033.836127  -1997371.429612 
617031.4716793  -1296895.528084  -1996575.846982 
639068.3099536  -1296684.703374  -1994585.444941 
661105.1482279  -1296214.301909  -1986243.229267 
683141.9865021  -1293154.905372  1997695.818899 
705178.8247764  -1292892.526196  1997710.830142 
727215.6630507  -1292607.586676  1997728.192402 
749252.5013249  -1292311.851743  1997744.533884 
771289.3395992  -1292004.317921  1997760.608137 
793326.1778734  -1291674.015007  1997776.491835 
815363.0161477  -1291320.146752  1997792.146044 
837399.854422  -1290917.106026  1997807.356573 
859436.6926962  -1290543.941087  1997822.772144 
881473.5309705  -1290073.038195  1997837.56019 
903510.3692448  -1289606.331529  1997852.303427 
925547.207519  -1289101.40605  1997866.858413 
947584.0457933  -1288553.630794  1997881.182095 
969620.8840675  -1287962.990995  1997895.294924 
991657.7223418  -1287320.877223  1997909.17352 
1013694.560616  -1286591.949478  1997922.614128 
1035731.39889  -1285834.374064  1997936.02825 
1057768.237165  -1284994.268717  1997949.177833 
1079805.075439  -1284073.110471  1997962.079286 
1101841.913713  -1283059.800241  1997974.726149 
1123878.751987  -1281902.96039  1997986.931052 
1145915.590262  -1280660.457207  1997999.014552 
1167952.428536  -1279248.09606  1998010.717544 
1189989.26681  -1277667.73814  1998022.092859 
1212026.105084  -1275846.978645  1998032.960257 
1234062.943359  -1273808.40438  1998043.530836 
1256099.781633  -1271417.783987  1998053.459354 
1278136.619907  -1268651.58397  1998062.844755 
1300173.458181  -1265400.410439  1998071.639861 
1322210.296456  -1261408.064774  1998079.287927 
1344247.13473  -1256503.132552  1998085.771141 
1366283.973004  -1250139.515641  1998090.320487 
1388320.811279  -1241425.225388  1998091.976019 
1410357.649553  -1227668.998644   1998087.3514 
1432394.487827  1299255.200042  1999331.672293 
1454431.326101  1299261.572994  1999336.14527 
1476468.164376  1299268.317371  1999340.564544 
1498505.00265  1299275.32693  1999344.93082 
1520541.840924  1299282.322705  1999349.220067 
1542578.679198  1299288.915928  1999353.428727 
1564615.517473  1299295.249319  1999357.594559 
1586652.355747  1299300.31317  1999361.222158 
1608689.194021  1299308.219669  1999365.927583 
1630726.032295  1299313.094841  1999369.385225 
1652762.87057  1299320.588916  1999373.983146 
1674799.708844  1299325.340427  1999377.406245 
1696836.547118  1299332.579437  1999381.880579 
1718873.385392  1299337.158555  1999385.228684 
1740910.223667  1299344.205862  1999389.628957 
1762947.061941  1299348.704733  1999392.939726 
1784983.900215  1299355.516711  1999397.22224 
1807020.73849  1299359.852097  1999400.463277 
1829057.576764  1299366.483889  1999404.675752 
1851094.415038  1299370.852607   1999407.9413 
1873131.253312  1299377.156934  1999411.974339 
1895168.091587  1299381.39109  1999415.193159 
1917204.929861  1299387.515877  1999419.148046 
1939241.768135  1299391.532925  1999422.242813 
1961278.606409  1299397.602096  1999426.195163 
1983315.444684  1299401.540782  1999429.242159 
2005352.282958  1299407.430021  1999433.097559 
2027389.121232  1299411.232124  1999436.087125 
2049425.959506  1299416.86966  1999439.89704 
2071462.797781  1299420.745089  1999442.862868 
2093499.636055  1299426.27537  1999446.531363 
2115536.474329  1299429.573112  1999449.220103 
2137573.312603  1299435.294028  1999453.095494 
2159610.150878  1299438.90823  1999455.946064 
2181646.989152  1299443.152764  1999459.217999 
2203683.827426  1299447.577187  1999462.435671 
