-2203683.827426  -1299448.343555  -1999462.419285 
-1762947.061941  -1299349.667294  -1999393.080564 
-1322210.296456  -1299217.648184  -1999308.907489 
-881473.5309705  -1299034.307339  -1999204.767106 
-440736.7654852  -1298764.13108  -1999072.547872 
            0  -1298337.784516  -1998892.611219 
22036.83827426  -1298309.461887  -1998882.734302 
44073.67654852  -1298281.283566  -1998871.568156 
66110.51482279  -1298251.70918  -1998859.799026 
88147.35309705  -1298221.371648  -1998847.61117 
110184.1913713  -1298190.214124  -1998834.944231 
132221.0296456  -1298157.926187  -1998821.990672 
154257.8679198  -1298124.659659  -1998808.615269 
176294.7061941  -1298091.282255  -1998793.53466 
198331.5444684  -1298055.490925  -1998778.610278 
220368.3827426  -1298019.110239  -1998762.714868 
242405.2210169  -1297981.172464  -1998746.063572 
264442.0592911  -1297941.792079  -1998728.531291 
286478.8975654  -1297901.631263  -1998708.401299 
308515.7358397  -1297859.265171  -1998687.26755 
330552.5741139  -1297815.430685  -1998662.684091 
352589.4123882  -1297769.632691  -1998637.938804 
374626.2506625  -1297721.25638  -1998605.559587 
396663.0889367  -1297671.214681  -1998572.127985 
418699.927211  -1297617.438107  -1998528.940607 
440736.7654852  -1297561.078788  -1998478.511731 
462773.6037595  -1297502.141142  -1998420.623169 
484810.4420338  -1297437.425128  -1998336.748282 
506847.280308  -1297369.497861  -1998238.240139 
528884.1185823  -1297293.678809  -1998094.523549 
550920.9568566  -1297208.506805  -1997882.230396 
572957.7951308  -1297110.297103  -1997550.891345 
594994.6334051  -1296991.359426  -1996988.798843 
617031.4716793  -1296834.171726  -1995880.250744 
639068.3099536  -1296592.763882  -1993185.077947 
661105.1482279  -1296025.382487  -1981501.550181 
683141.9865021  -1293148.786907  1997693.738749 
705178.8247764  -1292883.324036  1997711.342813 
727215.6630507  -1292605.214506  1997727.868932 
749252.5013249  -1292311.585623  1997744.179887 
771289.3395992  -1292005.564336  1997760.251995 
793326.1778734  -1291671.798497  1997776.112394 
815363.0161477  -1291315.305802  1997791.750924 
837399.854422  -1290934.089894  1997807.168656 
859436.6926962  -1290526.576737  1997822.366876 
881473.5309705  -1290087.411597  1997837.344369 
903510.3692448  -1289614.985136  1997852.101491 
925547.207519  -1289115.379256  1997866.647127 
947584.0457933  -1288564.336627   1997880.9582 
969620.8840675  -1287969.059147  1997895.044236 
991657.7223418  -1287320.173928  1997908.897868 
1013694.560616  -1286627.385041  1997922.535877 
1035731.39889  -1285855.382796  1997935.911598 
1057768.237165  -1285034.155219  1997949.073768 
1079805.075439  -1284089.994058  1997961.925099 
1101841.913713  -1283087.416698  1997974.54968 
1123878.751987  -1281971.296081  1997986.906179 
1145915.590262  -1280711.821429  1997998.926584 
1167952.428536  -1279305.543634  1998010.631551 
1189989.26681  -1277720.144431  1998021.972682 
1212026.105084  -1275951.719465  1998032.972745 
1234062.943359  -1273871.277741  1998043.434693 
1256099.781633  -1271521.649196    1998053.457 
1278136.619907  -1268789.170063  1998062.902089 
1300173.458181  -1265510.740644  1998071.549229 
1322210.296456  -1261553.435901  1998079.264892 
1344247.13473  -1256694.25783  1998085.774496 
1366283.973004  -1250370.982838  1998090.403069 
1388320.811279  -1241637.70719  1998091.978024 
1410357.649553  -1227603.830705  1998086.917122 
1432394.487827  1299254.372106  1999331.549879 
1454431.326101  1299261.720505  1999335.987381 
1476468.164376  1299268.57691  1999340.331526 
1498505.00265  1299275.400616  1999344.636271 
1520541.840924  1299282.141457  1999348.895938 
1542578.679198  1299288.746402  1999353.121911 
1564615.517473  1299295.566109  1999357.369997 
1586652.355747  1299301.956673  1999361.49901 
1608689.194021  1299308.26826  1999365.600154 
1630726.032295  1299314.468288  1999369.635863 
1652762.87057  1299320.582305  1999373.647364 
1674799.708844  1299326.61323  1999377.61363 
1696836.547118  1299332.553414   1999381.5552 
1718873.385392  1299338.402806  1999385.452379 
1740910.223667  1299344.15903  1999389.302593 
1762947.061941  1299349.853378  1999393.124453 
1784983.900215  1299355.428862  1999396.895339 
1807020.73849  1299360.977768  1999400.656791 
1829057.576764  1299366.38876  1999404.352385 
1851094.415038  1299371.767985  1999408.032014 
1873131.253312  1299377.054744  1999411.674055 
1895168.091587  1299382.267351  1999415.276206 
1917204.929861  1299387.403188  1999418.845147 
1939241.768135  1299392.501775  1999422.391102 
1961278.606409  1299397.487824  1999425.889362 
1983315.444684  1299402.434484  1999429.368014 
2005352.282958  1299407.289962  1999432.806709 
2027389.121232  1299412.102935  1999436.221065 
2049425.959506  1299416.837559  1999439.597343 
2071462.797781  1299421.509749  1999442.942737 
2093499.636055  1299426.107799  1999446.238093 
2115536.474329  1299430.658914  1999449.536645 
2137573.312603  1299435.147307  1999452.777504 
2159610.150878  1299439.578821  1999456.016043 
2181646.989152  1299443.966518  1999459.220272 
2203683.827426  1299448.277329  1999462.384281 
