-2203683.827426  -1299095.157332  -1998857.123557 
-1762947.061941  -1298942.31809  -1998658.858525 
-1322210.296456  -1298741.674176  -1998401.169574 
-881473.5309705  -1298468.656716  -1998056.76207 
-440736.7654852  -1298077.259478  -1997577.139603 
            0  -1297466.107094  -1996846.60758 
22036.83827426  -1297425.88229  -1996800.419237 
44073.67654852  -1297386.091781  -1996753.539158 
66110.51482279  -1297344.525481  -1996703.568564 
88147.35309705  -1297301.146956  -1996650.780168 
110184.1913713  -1297256.332564  -1996592.356979 
132221.0296456  -1297208.824104  -1996531.452934 
154257.8679198  -1297160.141772  -1996468.081205 
176294.7061941  -1297109.676317  -1996400.860404 
198331.5444684  -1297057.157759  -1996328.236534 
220368.3827426  -1297001.729449  -1996244.5955 
242405.2210169  -1296943.378001  -1996153.637839 
264442.0592911  -1296882.466553  -1996054.320976 
286478.8975654  -1296816.185212  -1995929.542948 
308515.7358397  -1296744.289633  -1995776.765232 
330552.5741139  -1296666.511741  -1995586.687518 
352589.4123882  -1296576.505778  -1995308.232586 
374626.2506625  -1296479.114064  -1994952.152322 
396663.0889367  -1296354.910989  -1994315.338245 
418699.927211  -1296196.744343  -1993191.410242 
440736.7654852  -1295957.728942  -1990620.714028 
462773.6037595  -1295461.969425  -1981570.672148 
484810.4420338  -1292161.325154  1994421.019492 
506847.280308  -1291869.753455  1994481.207126 
528884.1185823  -1291583.879372  1994545.696057 
550920.9568566  -1291280.851874  1994607.896921 
572957.7951308  -1290957.743629  1994668.616638 
594994.6334051  -1290614.135696  1994728.172618 
617031.4716793  -1290248.119921  1994786.588125 
639068.3099536  -1289857.392301  1994843.578805 
661105.1482279  -1289439.252649  1994899.72431 
683141.9865021  -1288989.203891  1994954.88746 
705178.8247764  -1288506.571101   1995008.9181 
727215.6630507  -1287988.10486  1995061.992489 
749252.5013249  -1287428.704294  1995114.038724 
771289.3395992  -1286825.407587  1995164.850541 
793326.1778734  -1286171.315302  1995214.96426 
815363.0161477  -1285459.680249  1995264.102619 
837399.854422  -1284684.182116  1995312.33291 
859436.6926962  -1283835.122193  1995359.734456 
881473.5309705  -1282910.306176  1995405.998924 
903510.3692448  -1281885.484515  1995451.575249 
925547.207519  -1280752.451398  1995496.232657 
947584.0457933  -1279498.394336  1995539.884589 
969620.8840675  -1278097.728286  1995582.736873 
991657.7223418  -1276525.176784  1995624.552974 
1013694.560616  -1274765.429694  1995665.35088 
1035731.39889  -1272737.293431  1995705.30232 
1057768.237165  -1270418.867537  1995744.102721 
1079805.075439  -1267751.597855  1995781.703279 
1101841.913713  -1264581.669594  1995818.114535 
1123878.751987  -1260821.9936  1995852.981289 
1145915.590262  -1256188.460624  1995886.169781 
1167952.428536  -1250391.475705  1995916.969355 
1189989.26681  -1242692.050916  1995944.546285 
1212026.105084  -1231564.552869  1995966.56212 
1234062.943359  -1211233.136267  1995974.014376 
1256099.781633  1298705.570846  1998355.453767 
1278136.619907  1298718.208805  1998371.395695 
1300173.458181  1298730.068801  1998386.392696 
1322210.296456  1298741.931516  1998401.732495 
1344247.13473  1298753.243104  1998415.957272 
1366283.973004  1298764.715911  1998430.806085 
1388320.811279  1298775.931659  1998445.089724 
1410357.649553  1298786.670844  1998458.684916 
1432394.487827  1298797.645359  1998472.908384 
1454431.326101  1298808.069603  1998486.078402 
1476468.164376  1298818.787659  1998499.996803 
1498505.00265  1298829.194004  1998513.356871 
1520541.840924  1298839.40079  1998526.456177 
1542578.679198  1298849.444358  1998539.350874 
1564615.517473  1298859.340547  1998552.074012 
1586652.355747  1298869.104891  1998564.634575 
1608689.194021  1298878.730528  1998577.031232 
1630726.032295  1298888.229409  1998589.249256 
1652762.87057  1298897.585741  1998601.31894 
1674799.708844  1298906.824179  1998613.229548 
1696836.547118  1298915.927846  1998624.972661 
1718873.385392  1298924.843858  1998636.433751 
1740910.223667  1298933.720861  1998647.930801 
1762947.061941  1298942.492504  1998659.289188 
1784983.900215  1298951.100172  1998670.38973 
1807020.73849  1298959.617756  1998681.437104 
1829057.576764   1298967.9997  1998692.257739 
1851094.415038  1298976.294738  1998703.019672 
1873131.253312  1298984.47783  1998713.615852 
1895168.091587  1298992.544498  1998724.069988 
1917204.929861  1299000.511187  1998734.400553 
1939241.768135  1299008.370373  1998744.592655 
1961278.606409  1299016.133633  1998754.667649 
1983315.444684  1299023.797351  1998764.616089 
2005352.282958  1299031.361837  1998774.437893 
2027389.121232  1299038.832498  1998784.142958 
2049425.959506  1299046.208321  1998793.726392 
2071462.797781  1299053.506032  1998803.217922 
2093499.636055  1299060.677681  1998812.516011 
2115536.474329  1299067.780483  1998821.755501 
2137573.312603  1299074.799409  1998830.889718 
2159610.150878  1299081.73347  1998839.911606 
2181646.989152  1299088.583068  1998848.82895 
2203683.827426  1299095.34917  1998857.638414 
