NumPoints = 49
0.217996 0.301939
0.331781 0.516019
0.343838 0.0977306
0.0302879 0.38385
0.448604 0.273853
0.05712 0.196234
0.196415 0.477977
0.168753 0.0832572
0.341327 0.356678
0.324336 0.226133
0.340003 0.736784
0.176098 0.659975
0.496778 0.572891
0.444433 0.448445
0.0754211 0.541859
0.475803 0.723547
0.529312 0.0016054
0.561594 0.188563
0.505164 0.909417
0.372296 0.947577
0.64454 0.684075
0.642729 0.868187
0.641354 0.529899
0.256887 0.845962
0.648382 0.322158
0.840036 0.233513
0.809477 0.503537
0.684319 0.144123
0.869236 0.387391
0.92559 0.637537
0.981586 0.478003
0.984812 0.168434
0.99395 0.333337
0.787563 0.647335
0.825097 0.931551
0.880696 0.803188
0.68604 0.998828
0.744641 0.779
0.0162785 0.66097
0.0488443 0.793258
0.127623 0.90828
0.737272 0.0242395
0.971598 0.0141648
0.859543 0.0976719
0.996108 0.957011
0.247476 0.997284
0.998322 0.746467
0.0107821 0.98589
0.044714 0.00711226