NumRegions = 25
-14.655725, -14.637405	-14.691236, -7.629834	-11.402865, -7.144079	-7.585650, -10.278872	-9.137029, -14.611182	
-8.333895, -14.894654	0.901219, -14.919011	0.851067, -14.639797	-3.261707, -9.575043	-6.822096, -10.548374	
-8.101632, -0.887766	-10.889571, -6.516907	-7.061889, -9.638912	-3.484446, -8.730257	-3.172244, -7.886605	-5.020672, -2.113373	
-8.722995, -0.576645	-11.559900, -6.181268	-14.832199, -6.765557	-14.840499, 2.765936	-14.771984, 2.769314	-8.825160, -0.372215	
-4.355549, -1.905810	-2.592402, -7.705655	1.455023, -5.194353	1.624557, -2.481242	-1.336167, -0.628488	
-2.270386, -8.254941	1.897910, -5.949818	5.642144, -8.245912	1.402234, -14.198699	-2.638060, -9.075938	
-5.880419, 6.730998	-5.796257, 6.500568	-8.471863, 0.304036	-14.447165, 3.391053	-10.500749, 7.611197	
-7.830212, -0.141155	-4.681457, -1.180273	-1.721109, 0.228472	-0.886634, 4.024313	-5.172916, 6.226620	-7.928425, 0.065204	
9.801634, -9.572820	7.492819, -8.367161	6.193555, -8.649214	1.805154, -14.493395	1.841029, -14.774799	9.482291, -14.682848	10.510248, -11.191336	
5.365972, -0.773551	2.514191, -2.537098	2.343040, -5.250109	6.009512, -7.668438	7.322642, -7.460276	7.682601, -2.489507	
4.928021, 2.182026	1.413560, 4.528603	-0.142621, 3.867744	-0.908751, 0.057521	2.059229, -1.783585	4.947895, -0.081126	
-11.160424, 8.191354	-14.841845, 3.738157	-14.910135, 3.731671	-14.833733, 11.256853	-12.022261, 11.189934	
-4.462377, 11.275108	-5.748591, 7.345373	-10.323301, 8.438179	-11.226155, 11.424665	-9.068281, 14.508884	-6.040063, 14.563298	
0.804967, 10.702015	2.179960, 8.781679	1.034954, 5.419771	-0.521031, 4.758449	-4.861360, 6.852231	-4.949927, 7.081003	-3.637423, 11.002037	
10.238715, -8.746349	7.942598, -7.516679	8.485598, -2.562563	12.215841, -1.301728	14.564441, -2.424556	14.500321, -4.436236	
8.519616, 4.277773	5.879272, 2.183951	5.868556, -0.079263	8.222220, -1.744058	11.987756, -0.592905	10.866260, 3.510288	
11.321334, -11.421232	14.832823, -12.104875	14.564323, -14.754672	10.364303, -14.932848	
7.988239, 4.943979	7.088804, 8.822956	2.989078, 8.503309	1.823276, 5.148556	5.359752, 2.835291	
-14.531770, 14.824614	-14.790612, 12.182443	-11.985096, 11.987682	-9.659336, 14.947355	
14.982221, -4.918016	14.974652, -11.134294	11.414371, -10.784551	10.673171, -9.180697	
2.228642, 14.904088	-5.300779, 14.935213	-3.600963, 11.708464	0.848709, 11.549555	
1.572603, 11.246355	2.929949, 9.313505	7.032645, 9.592471	7.987393, 10.843449	7.203719, 14.647737	2.995241, 14.583001	
8.798652, 5.140454	7.821815, 9.000665	8.755277, 10.267606	14.584152, 9.863514	14.505677, 6.856118	11.150249, 4.388281	
11.660404, 3.716231	14.939471, 6.284663	14.948453, -1.681683	12.674284, -0.414869	
8.815414, 11.014887	14.633898, 10.481673	14.538351, 14.807959	8.024098, 14.817593	
