NumRegions = 25
-23.278627, -23.187026	-23.456180, -14.027304	-19.104693, -13.570467	-14.240860, -17.604550	-16.276239, -23.055910	
-12.260571, -24.473271	-0.142626, -24.595055	-0.237756, -24.213184	-5.849054, -17.573121	-10.423093, -18.952061	
-13.003714, -3.069821	-16.538219, -10.434609	-11.622054, -14.404749	-6.962750, -13.349193	-6.647883, -12.182066	-9.120184, -5.009459	
-16.110525, -1.514214	-19.889864, -8.756411	-24.160997, -9.705922	-24.202495, 3.030303	-24.108533, 3.029268	-16.252342, -1.248561	
-5.794570, -3.971645	-3.748676, -11.277319	0.992677, -7.805129	1.177536, -4.796234	-2.106378, -2.709781	
-2.138595, -14.023749	3.207113, -11.582451	7.766033, -14.053410	2.518077, -22.007691	-2.730819, -15.077598	
-14.485855, 2.132690	-22.484439, 6.137964	-16.927630, 11.120483	-11.288097, 10.466385	-11.190451, 10.173365	
-11.646614, 0.663235	-7.424108, -0.343961	-4.031091, 1.575020	-2.940682, 5.908734	-8.073746, 8.803625	-11.768665, 0.938530	
15.084807, -17.055678	12.140206, -15.575237	10.523085, -16.069920	4.532679, -23.481172	4.556425, -23.873997	14.515345, -23.414240	15.920815, -19.131514	
8.801126, -2.949844	5.625705, -5.075517	5.432762, -8.083904	9.602874, -11.166039	11.289323, -11.040808	11.376687, -5.009177	
6.628990, 3.119485	2.603524, 5.899497	0.779381, 5.125891	0.030700, 0.720265	3.350898, -1.307952	6.710740, 0.512281	
-21.101032, 17.366992	-20.226010, 14.021268	-24.457834, 7.873483	-24.550676, 7.858978	-24.168665, 17.189602	
-17.120506, 18.540646	-16.040391, 15.255394	-10.628957, 13.538255	-9.071395, 18.463986	-10.878433, 22.816491	-14.801021, 22.544419	
0.388335, 16.469562	2.004127, 14.284448	0.710492, 10.355339	-1.112667, 9.579415	-6.515963, 11.931676	-6.635639, 12.216409	-4.946627, 17.098628	
17.270212, -12.923322	14.389104, -11.322824	15.391672, -5.374458	19.680865, -3.691688	22.822205, -4.859382	22.501603, -7.453404	
14.403191, 5.475467	11.385245, 3.129109	11.314046, 0.521595	14.074781, -1.281932	18.540440, -0.147570	17.026072, 4.584802	
19.976244, -20.280997	24.164114, -21.745537	22.821616, -23.773360	18.925405, -24.664241	
11.746306, 8.806494	10.850826, 13.345230	6.049714, 12.892600	4.652105, 8.999262	8.787646, 6.385808	
-22.658849, 24.123068	-23.953062, 21.817555	-20.915208, 21.355728	-17.756297, 24.736777	
24.911106, -9.862306	24.873260, -16.892634	20.441429, -17.097591	19.442492, -15.095061	
2.078688, 24.520439	-7.182016, 24.676065	-4.764329, 20.630763	0.607048, 20.707261	
4.226516, 19.191263	5.754073, 16.943580	10.570031, 17.192803	11.751897, 18.657951	10.823401, 23.238686	5.911682, 22.915006	
15.798373, 9.788869	14.515878, 14.233777	15.591317, 15.778735	22.920762, 15.513803	22.528385, 11.677304	18.446018, 8.974767	
20.996795, 5.614519	24.697353, 8.820029	24.742265, -1.145019	21.973078, 0.742606	
15.891999, 19.515138	23.169490, 18.604597	22.691754, 24.039793	14.925297, 24.087963	
