-2203683.827426  -1298385.123981  -1997857.768337 
-1762947.061941  -1298077.439444  -1997343.813008 
-1322210.296456  -1297667.304168  -1996604.630806 
-881473.5309705  -1297098.770724  -1995477.276691 
-440736.7654853  -1296264.702044  -1993594.998881 
            0  -1294864.878142  -1989578.389549 
22036.83827426  -1294766.833347  -1989226.367156 
44073.67654852  -1294645.210491  -1988698.034582 
66110.51482279  -1294514.41264  -1988060.442074 
88147.35309705  -1294360.106091  -1987139.898177 
110184.1913713  -1294168.697161  -1985653.34698 
132221.0296456  -1293900.388974  -1982677.231932 
154257.8679198  -1293421.48092  -1974099.391866 
176294.7061941  -1290994.548897  -1872850.49102 
198331.5444684  -1289388.29803  1978769.035873 
220368.3827426  -1289364.730736  1981626.878383 
242405.2210169  -1289205.442466  1983145.114275 
264442.0592911  -1288987.267467  1984194.715617 
286478.8975654  -1288721.325213  1984968.805279 
308515.7358397  -1288417.19326  1985582.956297 
330552.5741139  -1288081.157884  1986098.395942 
352589.4123882  -1287711.354645  1986536.720175 
374626.2506625  -1287311.574257  1986929.05004 
396663.0889367  -1286879.5217  1987283.923314 
418699.927211  -1286412.360732  1987608.128583 
440736.7654852  -1285907.274693  1987908.16378 
462773.6037595  -1285361.305508  1988188.760169 
484810.4420338  -1284783.743627  1988453.631935 
506847.280308  -1284156.674985  1988703.076552 
528884.1185823  -1283481.98482  1988940.200023 
550920.9568566  -1282758.168854  1989166.068302 
572957.7951308  -1281971.121548  1989381.983942 
594994.6334051  -1281123.244011  1989588.86836 
617031.4716793  -1280198.349264  1989787.776582 
639068.3099536  -1279180.48019  1989979.647487 
661105.1482279  -1278066.541352  1990164.602537 
683141.9865021  -1276844.06589  1990342.989697 
705178.8247764  -1275505.800512  1990514.964547 
727215.6630507  -1274005.712429  1990681.684195 
749252.5013249  -1272345.364106  1990842.713184 
771289.3395992  -1270481.518775  1990998.676072 
793326.1778734  -1268370.298242  1991149.700087 
815363.0161477  -1265937.956094  1991295.904364 
837399.854422  -1263170.336378  1991437.253789 
859436.6926962  -1259946.56175  1991573.82339 
881473.5309705  -1256128.837375  1991705.518908 
903510.3692448  -1251494.085645  1991832.034286 
925547.207519  -1245776.872797  1991953.002036 
947584.0457933  -1238372.891297  1992067.342237 
969620.8840675  -1228174.653017  1992172.79594 
991657.7223418  -1211839.902786  1992262.254384 
1013694.560616  1297290.53383  1995871.005097 
1035731.39889  1297320.878614  1995932.463405 
1057768.237165  1297350.360975  1995991.413912 
1079805.075439   1297379.3141  1996048.666329 
1101841.913713  1297407.788619  1996105.046467 
1123878.751987  1297435.811994  1996161.478952 
1145915.590262  1297463.320575  1996215.261176 
1167952.428536  1297490.327019  1996267.608595 
1189989.26681  1297516.906613  1996319.159056 
1212026.105084  1297543.017198  1996369.249935 
1234062.943359  1297568.69402  1996418.37358 
1256099.781633  1297593.978569  1996466.703511 
1278136.619907   1297618.8117  1996513.662847 
1300173.458181  1297643.255898  1996559.64979 
1322210.296456  1297667.300609  1996604.821344 
1344247.13473  1297690.967392  1996649.149586 
1366283.973004  1297714.264441  1996692.57024 
1388320.811279  1297737.188316  1996735.146564 
1410357.649553  1297759.741975  1996776.468074 
1432394.487827  1297781.942847  1996817.339068 
1454431.326101  1297803.810251  1996857.363636 
1476468.164376  1297825.337099  1996896.426276 
1498505.00265  1297846.52236  1996935.021374 
1520541.840924  1297867.393058  1996972.51704 
1542578.679198  1297887.944405  1997009.480881 
1564615.517473  1297908.18611  1997045.741626 
1586652.355747  1297928.124294  1997081.318256 
1608689.194021  1297947.77321  1997116.197894 
1630726.032295  1297967.117018  1997150.620206 
1652762.87057  1297986.182489  1997184.118202 
1674799.708844  1298004.967168  1997217.145353 
1696836.547118  1298023.47981   1997249.5425 
1718873.385392  1298041.745731  1997282.224773 
1740910.223667  1298059.739169  1997313.43934 
1762947.061941  1298077.466048  1997344.114469 
1784983.900215  1298094.930831   1997374.1659 
1807020.73849  1298112.152924  1997403.732835 
1829057.576764  1298129.125831  1997432.774653 
1851094.415038  1298145.888401  1997461.471582 
1873131.253312  1298162.372568  1997489.312512 
1895168.091587  1298178.655403  1997516.912103 
1917204.929861  1298194.735123  1997544.172994 
1939241.768135  1298210.553372  1997570.64753 
1961278.606409  1298226.181044  1997596.849622 
1983315.444684  1298241.601272  1997622.738709 
2005352.282958  1298256.784725  1997647.85884 
2027389.121232  1298271.784287  1997672.783977 
2049425.959506  1298286.582913  1997697.24341 
2071462.797781  1298301.199068  1997721.430723 
2093499.636055  1298315.599334  1997745.047057 
2115536.474329  1298329.81996  1997768.376775 
2137573.312603  1298343.854844  1997791.317074 
2159610.150878  1298357.707182  1997813.894013 
2181646.989152  1298371.379603  1997836.158677 
2203683.827426  1298384.873975  1997857.92929 
