-2203683.827426  1294854.662637  1989583.503509 
-1755290.37043  -1298384.66811  -1997857.776171 
-1325821.188293  -1298069.010701  -1997343.052082 
-885506.7849728  -1297672.654323  -1996606.022212 
-445299.4111744  -1297107.146225  -1995478.424584 
-5244.521695761  -1296278.607575  -1993598.223616 
15881.04371055  -1294896.558084  -1989617.253183 
36448.59894957  -1294803.00134  -1989275.416922 
58381.9754183  -1294692.854349  -1988794.137153 
80309.8362274  -1294567.581076  -1988203.788303 
102222.9876189  -1294422.699086  -1987385.781292 
124122.2969614  -1294246.399993  -1986120.15001 
145996.9198094  -1294010.724118  -1983775.842179 
167816.7373429  -1293629.709182  -1977927.90878 
189467.950125  -1292612.385737   -1948833.537 
209913.3188188  -1289417.640683  1977253.320975 
352766.6083941  -1289516.153139  1980948.694668 
372841.8581863  -1280105.88653  1977380.623941 
388429.2134547  -1280047.818158  1980421.09784 
408601.645267  -1279730.459391  1981694.737938 
429065.5921801  -1279314.039245  1983045.008842 
449047.9876206  -1278700.28696  1984007.047794 
468987.8807937  -1278071.25129  1984785.119037 
488982.4241022  -1277352.035357  1985419.470745 
509000.4183703  -1276539.355026  1985958.220791 
529041.8651716  -1275627.207484  1986423.911385 
549110.6271574  -1274601.828925  1986834.658712 
569205.8080309  -1273483.393015  1987206.572175 
589331.5453456  -1272239.164822  1987542.026858 
609482.0515933  -1270861.829527  1987849.723359 
629657.3591564  -1269325.964721  1988134.164722 
649852.309314  -1267631.151348  1988397.236181 
670068.4769438  -1265706.90378   1988645.0681 
690296.4243938  -1263557.950742  1988876.20555 
710537.7107948  -1261103.566614  1989094.754106 
730782.8262668  -1258315.35921  1989300.045085 
751029.4383029  -1255071.756317  1989494.101605 
771262.3980352  -1251297.353996  1989676.55328 
791479.7932843  -1246775.816533  1989847.094657 
811660.6496708  -1241243.126059  1990004.819576 
831773.652533  -1234278.345931  1990147.61648 
851786.7678308  -1225006.544145   1990270.4914 
871621.1549623  -1211230.491661  1990360.140271 
891076.5133237  -1178202.838788  1990319.313811 
908776.5724775  1297259.115847  1995328.295682 
886658.6258997  1297280.197343  1995403.10221 
908667.6183692  1297110.975999  1995479.717899 
930789.1221096  1297143.69543  1995549.607043 
952787.7252682  1297176.162042  1995617.321063 
974786.4567345  1297208.189894  1995684.011407 
996786.1867283  1297239.641059  1995748.69908 
1018786.157533  1297270.524474  1995811.731289 
 1040786.5627  1297300.856006  1995873.458595 
1062787.527429  1297330.641584  1995933.762571 
1084788.941171  1297359.906306  1995992.234285 
1106790.537286  1297388.666013  1996049.757299 
1128792.779194  1297416.938487  1996106.120031 
1150795.561436  1297444.743371  1996162.204539 
1172799.505698  1297472.064345  1996215.987863 
1194803.050895  1297498.901625  1996268.449878 
1216806.903909  1297525.307014  1996320.072816 
1238811.337734  1297551.24145  1996370.111165 
1260815.832871  1297576.747579  1996419.201336 
1282820.816409  1297601.859681  1996467.395881 
1304826.235108  1297626.536249  1996514.471759 
1326831.965658  1297650.820621  1996560.433668 
1348837.909022  1297674.713478  1996605.541864 
1370844.274992  1297698.240609  1996649.906672 
1392851.143211  1297721.381422  1996693.235635 
1414858.215423  1297744.162407  1996735.643177 
1436865.572739  1297766.581309  1996777.22673 
1458873.273279  1297788.651407  1996817.811785 
1480881.132592  1297810.378945  1996858.009542 
1502889.689421  1297831.772172  1996896.979556 
1524898.106368  1297852.831597  1996935.561152 
1546907.219968  1297873.579075  1996973.03651 
1568916.201788  1297894.010685  1997009.983948 
1590925.697882  1297914.134874  1997046.229255 
1612935.477357  1297933.958601  1997081.788237 
1634945.531474  1297953.495638  1997116.653901 
1656955.843127  1297972.730538  1997151.062063 
1678966.653561  1297991.688658  1997184.570341 
1700977.414841  1298010.370746  1997217.559865 
1722988.534163  1298028.781554  1997249.945615 
1744999.906813  1298046.947428  1997282.614332 
1767012.403495  1298064.843799  1997313.817317 
1789024.252558  1298082.477459  1997344.481231 
1811036.375161  1298099.849772  1997374.521269 
1833048.673015  1298116.981486  1997404.07778 
1855061.244776  1298133.866006  1997433.109388 
1877074.047853  1298150.541742  1997461.795787 
1899087.189219  1298166.941609  1997489.622242 
1921100.31064  1298183.142198  1997517.21745 
1943113.828637  1298199.140555  1997544.469686 
1965127.64793  1298214.88022  1997570.93584 
1987141.459915  1298230.430779  1997597.129584 
2009155.588783  1298245.774998  1997623.01121 
2031170.074252  1298260.885031  1997648.123915 
2053184.464988  1298275.812342  1997673.041582 
2075199.253499  1298290.539986  1997697.494084 
2097214.180045  1298305.086763  1997721.675031 
2119229.435463  1298319.419385  1997745.284478 
2141244.734939  1298333.573815  1997768.607737 
2163260.31052  1298347.543707  1997791.542291 
2185276.064273  1298361.332533  1997814.113716 
2207292.00969  1298374.942756  1997836.373702 
