NumRegions = 25
-17.431145, -17.427481	-17.438247, -8.521307	-13.274367, -7.852295	-8.386473, -11.854819	-10.355988, -17.422236	
-10.195361, -17.478931	1.528372, -17.483802	1.473210, -17.133842	-3.685590, -10.702615	-8.233762, -11.908720	
-9.596616, -0.574566	-13.171708, -7.726860	-8.281720, -11.726827	-3.730138, -10.533658	-3.306316, -9.480098	-5.639256, -2.034322	
-9.720889, -0.512342	-13.305774, -7.659733	-17.466440, -8.348452	-17.468100, 3.685006	-17.382300, 3.690881	-9.848335, -0.252072	
-5.506231, -1.992810	-3.190348, -9.443908	2.112911, -6.307196	2.339033, -2.703141	-1.593825, -0.251170	
-3.125944, -9.553766	2.201489, -6.458289	7.057388, -9.530266	1.583444, -17.045623	-3.560861, -10.602794	
-9.777676, -0.116822	-17.317336, 3.815228	-12.417222, 9.333535	-6.429143, 8.070896	-6.318594, 7.775662	
-9.542332, -0.425244	-5.571413, -1.847702	-1.670814, -0.079777	-0.610148, 4.926583	-6.193925, 7.720872	-9.668988, -0.164588	
11.798101, -10.849006	8.842491, -9.288998	7.167670, -9.610926	1.664028, -17.104562	1.716334, -17.454960	11.436330, -17.436570	12.724873, -12.917565	
6.301528, -0.420904	2.516960, -2.714312	2.290515, -6.318347	7.130862, -9.414771	8.808455, -9.107621	9.377052, -2.655025	
6.208827, 2.695693	1.577352, 5.761340	-0.461345, 4.895269	-1.508342, -0.113968	2.425968, -2.563610	6.217912, -0.282419	
-13.717431, 13.426964	-12.549157, 9.449566	-17.396272, 3.884649	-17.482027, 3.878153	-17.466747, 13.588822	
-10.670368, 17.401777	-6.811358, 17.412660	-4.732217, 13.249372	-6.402778, 8.193771	-12.381733, 9.498931	-13.558210, 13.473910	
1.215578, 12.882151	3.015738, 10.347280	1.501631, 5.939574	-0.537027, 5.073410	-6.131614, 7.845994	-6.243045, 8.140897	-4.567226, 13.194758	
11.885518, -10.683712	8.932447, -9.118901	9.537652, -2.669636	14.448687, -1.077262	17.412888, -2.591296	17.400064, -5.158302	
9.880441, 5.470441	6.399078, 2.696078	6.402044, -0.282046	9.484976, -2.505935	14.403070, -0.935497	12.991768, 4.462382	
12.887090, -12.963544	17.466565, -13.666838	17.412865, -17.450934	11.612732, -17.486570	
9.774166, 5.603682	8.549788, 10.687761	3.177561, 10.291606	1.659295, 5.885331	6.295174, 2.826346	
-17.406354, 17.464923	-17.458122, 13.773940	-13.709998, 13.586514	-10.788579, 17.489471	
17.496444, -5.254658	17.494930, -13.472722	12.905697, -12.836208	11.972409, -10.770582	
3.074440, 17.480818	-6.663501, 17.487043	-4.559934, 13.336044	1.224326, 13.051659	
1.369105, 12.991019	3.165735, 10.453645	8.538556, 10.841664	9.771149, 12.480886	8.747350, 17.429547	3.227760, 17.416600	
9.936248, 5.642977	8.696390, 10.723303	9.924726, 12.365717	17.416830, 11.775795	17.401135, 7.926176	13.048566, 4.637981	
13.150597, 4.503571	17.487894, 7.811885	17.489691, -2.442721	14.540375, -0.899890	
9.936753, 12.515173	17.426780, 11.899427	17.407670, 17.461592	8.911426, 17.463519	
