NumRegions = 77
-19.987839, -19.900742	-19.998616, -16.032901	-17.365576, -17.188438	-16.968855, -17.819116	-17.092304, -19.986169	
-11.414306, -18.327060	-11.832603, -17.942753	-16.802297, -17.827356	-16.893345, -19.996012	-11.312860, -19.995749	
-17.291883, -17.020403	-19.925506, -15.866197	-19.931396, -10.680343	-14.185257, -12.321398	-14.144542, -12.392580	
-17.199392, -17.083385	-14.046527, -12.459325	-12.156942, -13.315493	-11.829731, -17.806709	-16.799868, -17.712292	
-7.881809, -16.933229	-7.930823, -12.624375	-8.518332, -12.307000	-12.029102, -13.306109	-11.696990, -17.796965	-11.283477, -18.186416	
-19.903392, -10.581762	-14.152644, -12.206589	-13.495131, -7.021879	-19.905326, -8.311023	
-6.078482, -19.980535	-11.114501, -19.982457	-11.236606, -18.315152	-7.825490, -17.087914	-6.125075, -18.213414	
-12.076777, -13.136666	-8.560108, -12.158520	-9.392174, -7.987068	-12.466153, -6.728372	-13.251808, -6.891766	-13.370085, -7.037561	-14.013176, -12.224079	-13.973156, -12.295654	
-13.516308, -6.916849	-19.925202, -8.212450	-19.901007, -5.172140	-16.199511, -2.523649	-13.395557, -6.773097	
-6.026555, -18.065459	-3.069649, -16.427559	-2.942028, -14.866422	-6.258240, -12.433932	-7.813906, -12.622446	-7.720718, -16.930570	
-0.564779, -18.967616	-2.995326, -16.561269	-5.947396, -18.207869	-5.883712, -19.974456	-0.624056, -19.979083	
-6.283884, -12.235801	-7.836282, -12.449560	-8.423497, -12.131641	-9.233771, -7.955902	-7.260478, -6.745987	-4.133053, -8.030804	-3.819741, -9.166077	
-16.198976, -1.826137	-19.979416, 0.475400	-19.981261, -5.059754	-16.274763, -2.418267	
-10.503022, -2.530868	-12.507720, -6.533492	-13.291669, -6.704884	-16.076432, -2.442834	-16.005452, -1.850109	-14.844151, -0.673135	-12.210618, -0.548664	
-10.360048, -2.603446	-12.407902, -6.584162	-9.322102, -7.813592	-7.362155, -6.582173	-6.889429, -2.822244	-7.477950, -2.383040	
-0.398036, -12.831977	-2.855169, -14.747742	-6.176546, -12.322310	-3.700398, -9.262262	-0.190033, -10.857078	
-0.453450, -18.855439	-2.878182, -16.443231	-2.750241, -14.882120	-0.295884, -12.962800	3.539012, -16.129708	
-2.558902, -2.400811	-6.754871, -2.838681	-7.201121, -6.601844	-4.075830, -7.891843	-1.774643, -4.421180	
-15.576692, 3.097036	-14.986434, -0.534166	-16.135720, -1.722874	-19.903471, 0.599377	-19.917758, 3.103664	-17.710762, 4.165017	
0.887018, -9.870972	-0.131913, -10.730142	-3.632839, -9.114711	-3.943724, -7.978770	-1.666884, -4.492087	0.487396, -5.669718	
-10.445160, 2.522002	-12.082214, -0.437965	-10.373140, -2.418896	-7.488789, -2.230237	-7.737586, 2.405598	-8.839906, 2.960644	
-0.426717, -19.990533	5.898674, -19.991588	4.397226, -16.242439	3.609416, -16.232249	-0.368615, -18.978998	
-10.573713, 2.593375	-12.220447, -0.361218	-14.852555, -0.512856	-15.418861, 3.122158	-13.186184, 4.239950	
4.872004, -10.055701	1.014705, -10.023514	-0.010391, -10.875320	-0.203631, -12.851718	3.613623, -16.039868	4.401126, -16.064132	5.951251, -14.278035	5.038876, -10.184039	
-7.608953, 2.412534	-5.068713, 3.012077	-1.812728, -0.535006	-2.573160, -2.259158	-6.772224, -2.666276	-7.357817, -2.223175	
4.581290, -4.429030	0.628938, -5.656461	1.016363, -9.858858	4.873528, -9.904353	
-13.266122, 4.398477	-15.492329, 3.267855	-17.637533, 4.313291	-17.075946, 8.178676	-15.867815, 9.333069	-14.574458, 9.522869	-13.482394, 9.058227	-12.910764, 8.137721	
-17.220771, 8.199936	-19.989960, 8.349356	-19.993748, 3.260356	-17.793794, 4.336229	
-10.496363, 2.714967	-13.094958, 4.383356	-12.789269, 8.126988	-9.041599, 6.741889	-8.884820, 3.129905	
4.542654, -4.302767	0.580216, -5.497237	-1.589348, -4.348005	-2.397131, -2.336927	-1.634539, -0.613729	0.068770, 0.331392	3.981739, -0.372484	4.909631, -1.426822	5.182816, -3.505181	
4.539612, -16.184906	6.098293, -14.406270	9.407512, -14.434388	10.626978, -15.641797	10.588587, -19.926014	6.064151, -19.924725	
-8.752263, 3.134988	-7.649212, 2.581397	-5.111715, 3.192448	-3.711301, 6.093566	-5.947749, 8.949985	-6.053357, 8.969533	-8.872528, 6.748371	
0.280621, 6.194091	-3.565238, 6.023423	-4.953926, 3.116673	-1.723942, -0.454102	-0.028191, 0.504514	
9.630747, -8.563952	11.078092, -9.133741	11.360986, -9.846283	9.408357, -14.247177	6.099019, -14.245424	5.203561, -10.147695	
4.695154, -4.422882	4.994138, -9.897841	5.160266, -10.027141	9.583517, -8.432440	7.919024, -4.656746	5.320566, -3.613678	
-15.984607, 9.457423	-19.379153, 13.539283	-19.985659, 13.596164	-19.976750, 8.546110	-17.212441, 8.324010	
-8.986000, 6.894728	-6.132525, 9.071644	-8.840442, 12.382628	-13.338181, 9.149859	-12.747665, 8.241353	
1.051145, 6.708710	4.882034, 3.747977	4.010496, -0.213477	0.098852, 0.497728	0.397879, 6.187828	
15.377721, -19.926476	10.724838, -19.927596	10.785952, -15.643644	14.637938, -15.093165	15.825773, -18.810763	
14.616653, -14.944956	15.388117, -13.662518	14.875307, -11.655509	11.480780, -9.899308	9.535896, -14.303631	10.765435, -15.500781	
-14.601756, 9.712796	-13.983132, 15.247692	-14.387024, 15.831514	-15.850746, 16.227141	-19.275390, 13.625245	-15.896214, 9.530652	
-14.499182, 9.701082	-13.853993, 15.232945	-8.885972, 13.970948	-8.915757, 12.487114	-13.404706, 9.242151	
8.052946, -4.597961	11.737963, -2.820113	13.934066, -4.463772	14.069164, -5.207617	11.142784, -8.973461	9.705426, -8.378928	
1.009575, 7.075173	0.933071, 6.858349	0.274536, 6.344145	-3.572514, 6.202823	-5.824027, 9.047382	-1.728298, 12.659091	
5.372525, -3.480344	5.101476, -1.401706	8.967079, 0.486027	11.295393, -0.724063	11.679836, -2.699349	7.991599, -4.470509	
8.864893, 3.379364	8.888493, 0.643894	5.052060, -1.302436	4.132235, -0.241053	5.052828, 3.709290	6.836480, 4.491124	
-1.812216, 12.754341	-5.911179, 9.146302	-6.016742, 9.166091	-8.716137, 12.484026	-8.700017, 13.968072	-8.022701, 14.898633	-5.143024, 15.644929	-1.716863, 13.143544	
7.407038, 9.269581	6.761278, 4.662096	4.979619, 3.875731	1.115434, 6.792874	1.194318, 7.008843	5.108688, 9.965942	
17.398099, -8.996559	14.953167, -11.503693	11.546214, -9.771719	11.256538, -9.061908	14.184975, -5.297663	16.994121, -7.108507	
-19.361350, 13.738314	-15.938323, 16.342337	-17.856608, 19.905805	-19.968717, 19.905019	-19.968322, 13.789980	
19.919389, -14.228733	15.549079, -13.758630	14.786035, -15.046095	15.962504, -18.767305	19.908525, -17.177128	
5.014317, 10.090525	1.107682, 7.123214	-1.624478, 12.709930	-1.535344, 13.100604	0.220913, 14.211480	3.956254, 12.714022	
-11.374496, 19.900277	-14.233810, 15.939246	-13.821056, 15.361655	-8.857498, 14.082221	-8.183861, 15.015449	-9.997412, 19.905944	
13.952463, 2.209500	11.468363, 4.596104	9.028556, 3.380728	9.050568, 0.645245	11.369999, -0.581783	
19.919121, -10.269483	17.511075, -9.106980	15.060528, -11.608626	15.564320, -13.617918	19.933930, -14.094492	
7.513100, 9.255313	6.918224, 4.640981	8.951098, 3.537399	11.398157, 4.738104	11.648598, 6.913009	7.549544, 9.265181	
16.010295, -18.886492	19.961779, -17.309937	19.901123, -19.985054	15.545390, -19.995289	
15.506561, 2.130340	14.055180, 2.114892	11.485180, -0.687872	11.854618, -2.666020	14.032552, -4.333677	16.795673, -1.482077	16.393337, 1.342507	
-11.478925, 19.975639	-14.337187, 16.013849	-15.798646, 16.417754	-17.725858, 19.976401	
-8.064990, 15.059500	-9.876395, 19.950791	-4.029137, 19.950728	-5.190581, 15.825837	
17.093489, -6.952525	14.265066, -5.171942	14.129268, -4.428224	16.917468, -1.601140	19.913461, -2.889077	19.905015, -5.007791	
-1.634211, 13.255829	-5.040718, 15.783915	-3.893296, 19.912728	0.039909, 19.921184	0.891398, 18.094222	0.115034, 14.377713	
19.995396, -10.110780	19.995257, -5.138948	17.174132, -7.069731	17.583320, -8.956661	
15.505762, 2.312129	17.160174, 7.764334	16.249839, 8.557114	14.569037, 8.638226	11.823738, 6.893332	11.585323, 4.717075	14.054302, 2.314831	
7.460720, 9.445608	5.164907, 10.150289	4.136026, 12.785367	6.681736, 16.244744	7.604105, 16.054777	10.082995, 12.749587	7.497080, 9.455779	
6.571000, 16.326392	5.690341, 17.558490	1.058606, 18.059092	0.273680, 14.344381	4.018876, 12.871744	
7.608018, 9.368039	11.725866, 7.048925	14.487421, 8.767976	11.488167, 12.772095	10.217504, 12.643204	
16.552848, 1.365951	19.972808, 2.087466	19.976781, -2.741700	16.980282, -1.454943	
15.633069, 2.273743	17.268332, 7.731722	19.959529, 7.411587	19.935214, 2.259874	16.525335, 1.492132	
6.081556, 19.995682	0.201423, 19.997455	1.071314, 18.179183	5.705241, 17.699294	
7.721724, 16.142910	11.774157, 19.094837	13.189151, 14.786572	11.467975, 12.968232	10.197703, 12.835539	
13.324453, 14.657719	16.191706, 14.535885	17.140785, 13.396373	16.259531, 8.729793	14.580209, 8.837273	11.592281, 12.849852	
7.643384, 16.250858	11.706286, 19.188359	11.955298, 19.978025	6.274052, 19.962222	5.853391, 17.673543	6.719014, 16.430833	
17.289569, 7.912758	16.380074, 8.706501	17.300791, 13.365455	19.971940, 13.552191	19.981791, 7.601360	
11.888674, 19.132870	12.121641, 19.927417	15.611750, 19.904976	17.109871, 17.740997	16.199075, 14.702867	13.332237, 14.834094	
19.957760, 13.738814	17.289063, 13.519803	16.340596, 14.659825	17.275574, 17.690600	19.955454, 17.916924	
19.940671, 18.086953	17.261943, 17.847374	15.742845, 19.996679	19.900247, 19.992976	
