-2203683.827426  1293091.932337  1980569.30327 
-1754119.711912  -1298111.924464  -1997514.29182 
-1325409.275996  -1297716.713563  -1996852.470624 
-885120.2127617  -1297216.502904  -1995865.480142 
-444915.0151663  -1296483.919165  -1994267.916966 
-4915.816852754  -1295374.636239  -1991352.363392 
15981.36548447  -1293171.561352  -1981041.659088 
35319.72604976  -1292860.485621  -1976908.109755 
56927.63502514  -1292296.042681  -1964112.970999 
77950.73675531  -1290018.891589  -1857998.244855 
92296.47461782  -1284780.450038  -1461744.483765 
89006.96392116  -1280776.851346  -1103308.478328 
98436.34274345  -1277796.357852  -745005.9833488 
120244.2170891  -1275182.962184  -379397.7925745 
160876.3810692  -1275220.465815  207161.7720706 
223617.7436545  -1274544.814018  675198.8289566 
274378.6568318  -1271251.046233  1048346.755549 
317137.3528156  -1268689.999697  1413450.64355 
353087.0083465  -1269399.00471  1743084.318185 
388689.1759464  -1271257.706642  1900562.865529 
413308.3633702  -1268495.000893  1936025.808884 
433003.7447238  -1268245.491266  1954607.849643 
453597.9018451  -1268731.151132  1965544.05059 
474143.0541917  -1268627.529708  1971937.084501 
494301.5961547  -1268162.207334  1975851.197623 
514366.8189646  -1267435.169793  1978416.113824 
534438.3162705  -1266440.155124  1980217.658621 
554511.8730585  -1265190.246966  1981560.087396 
574588.7408107  -1263693.74786  1982607.886092 
594683.6674753  -1261939.949952  1983457.848121 
614790.7559302  -1259895.663252  1984166.648849 
634908.8690345  -1257524.014556  1984772.263418 
655032.9464441  -1254799.314146  1985296.627384 
675160.8829209  -1251656.650957  1985753.191882 
695284.1852651  -1247953.83432  1986158.936954 
715386.6329045  -1243528.118235  1986522.852188 
735447.8092261  -1238129.704288  1986848.381251 
755441.355479  -1231402.51793  1987134.142805 
775331.7335972  -1222587.376127  1987378.198117 
795035.1856474  -1209838.698121  1987564.578602 
814362.8926366  -1185432.574899  1987610.830839 
832422.1549108  1296500.873703  1993694.203883 
820373.8534294  1296535.12453   1993814.0042 
842375.1889144  1296352.603348  1993943.568776 
864485.1075501  1296398.780391  1994055.120963 
886475.449068  1296443.918983  1994163.326012 
908466.9407945  1296488.348284  1994267.659603 
930459.3105838  1296531.90231  1994369.979119 
952452.7494309  1296574.630266  1994470.897191 
974447.3296917  1296616.473736  1994567.705858 
996442.5484396  1296657.487667  1994660.416799 
1018438.245518  1296697.693867  1994750.473841 
1040434.693501  1296737.186009  1994841.530708 
1062432.651435  1296775.899827  1994927.31275 
1084430.665788  1296813.873134  1995011.09067 
1106429.421284  1296851.136877  1995092.740429 
1128428.873544  1296887.715777  1995172.288811 
1150428.950059  1296923.619414  1995249.944739 
1172429.684666  1296958.86573  1995325.319307 
1194430.929856  1296993.468704  1995398.431535 
1216432.635902  1297027.445428  1995469.928603 
1238434.945224  1297060.835412  1995540.480077 
1260438.065455  1297093.613606  1995608.155971 
1282441.359476  1297125.837268  1995675.170039 
1304445.438585  1297157.482224  1995739.801219 
1326449.775597  1297188.56841  1995802.814802 
1348454.524094  1297219.139979  1995864.766227 
1370459.891837  1297249.186846  1995925.727271 
1392465.88666  1297278.721314  1995984.790147 
1414472.129637  1297307.754574  1996042.535864 
1436478.782474  1297336.31109  1996098.988888 
1458485.913889  1297364.38918   1996154.0423 
1480493.370405  1297392.012598  1996209.686683 
1502501.941414  1297419.179694  1996260.984525 
1524509.637177  1297445.908315  1996312.712754 
1546518.331804  1297472.188208  1996364.791105 
1568528.028675  1297498.047752  1996413.733479 
1590537.286887  1297523.495525   1996461.8638 
1612546.928999  1297548.545715  1996509.122426 
1634556.982091  1297573.202958  1996555.616043 
1656567.433442  1297597.476165  1996600.657811 
1678578.064342  1297621.365416  1996645.225822 
1700589.177866  1297644.893195  1996688.626955 
1722600.494524  1297668.051021  1996731.307709 
1744612.199107  1297690.855034  1996773.101632 
1766624.185084  1297713.314704  1996813.978572 
1788636.426956  1297735.434911  1996854.05569 
1810648.961325  1297757.222334  1996893.219225 
1832661.710678  1297778.685177  1996931.734894 
1854674.799875  1297799.831991  1996969.464524 
1876688.142625  1297820.663525  1997006.539797 
1898701.786265  1297841.189561   1997042.8831 
1920715.679247  1297861.417696  1997078.408875 
1942729.782232  1297881.354457  1997113.404104 
1964744.146673  1297900.991925  1997147.83104 
1986758.871062  1297920.357234  1997181.567365 
2008773.779864  1297939.446468  1997214.619899 
2030788.902659  1297958.26165  1997247.089336 
2052804.262298  1297976.815392  1997278.938747 
2074819.842358  1297995.086775  1997311.219665 
2096836.187423  1298013.128433  1997342.06275 
2118852.288555  1298030.89449  1997372.052464 
2140868.49573  1298048.433983  1997401.656524 
2162884.955482  1298065.730328  1997430.773021 
2184901.642244  1298082.794458  1997459.444107 
2206918.534347  1298099.618828  1997487.569658 
